//캐릭터생성시아이템입어보기정보_Kr													
//													
//													
//													
			//아이템스크립트의아이템코드										
//	클래스아이디	무기방어구차수	갑옷아이템코드	프로텍트아이템코드	헬멧아이템코드	바지아이템코드	부츠아이템코드	장갑아이템코드	벨트아이템코드	셔츠아이템코드	무기1아이템코드	무기2아이템코드	
	ClassID	ItemLv	ItemCode1	ItemCode2	ItemCode3	ItemCode4	ItemCode5	ItemCode6	ItemCode7	ItemCode8	ItemCode9	ItemCode10	FieldEnd
	1	1	1001	1051	1101	1151	1201	1251	1301	1351	1	16	
	1	2	1002	1052	1102	1152	1202	1252	1302	1352	2	17	
	1	3	1003	1053	1103	1153	1203	1253	1303	1353	3	18	
	1	4	1004	1054	1104	1154	1204	1254	1304	1354	4	19	
	1	5	1005	1055	1105	1155	1205	1255	1305	1355	5	20	
	1	6	1006	1056	1106	1156	1206	1256	1306	1356	6	21	
	1	7	1007	1057	1107	1157	1207	1257	1307	1357	7	22	
	1	8	1008	1058	1108	1158	1208	1258	1308	1358	8	23	
	1	9	0	0	0	0	0	0	0	0	9	24	
	1	10	0	0	0	0	0	0	0	0	10	25	
	1	11	51177	51178	51179	51180	51181	51182	51183	51184	50222	50223	
	1	12	51401	51402	51403	51404	51405	51406	51407	51408	50258	50259	
	1	13	51000	51028	51001	51002	51003	51004	51005	51006	50000	50001	
	1	14	51036	51037	51038	51039	51040	51041	51042	51043	50010	50011	
	1	15	51217	51218	51219	51220	51221	51222	51223	51224	50020	50021	
	1	16	51455	51456	51457	51458	51459	51460	51461	51462	50078	50079	
	1	17	51503	51504	51505	51506	51507	51508	51509	51510	50092	50093	
	1	18	51751	51752	51753	51754	51755	51756	51757	51758	50573	50574	
	1	19	51823	51824	51825	51826	51827	51828	51829	51830	50637	50638	
	1	20	53451	53452	53453	53454	53455	53456	53457	53458	53437	53438	
	1	21	53527	53528	53529	53530	53531	53532	53533	53534	53515	53516	
	1	22	53603	53604	53605	53606	53607	53608	53609	53610	53591	53592	
	1	23	53679	53680	53681	53682	53683	53684	53685	53686	53667	53668	
	1	24	53755	53756	53757	53758	53759	53760	53761	53762	53743	53744	
	1	25	0	0	0	0	0	0	0	0	50100	50102	
	2	1	1011	1061	1111	1161	1211	1261	1311	1361	31	46	
	2	2	1012	1062	1112	1162	1212	1262	1312	1362	32	47	
	2	3	1013	1063	1113	1163	1213	1263	1313	1363	33	48	
	2	4	1014	1064	1114	1164	1214	1264	1314	1364	34	49	
	2	5	1015	1065	1115	1165	1215	1265	1315	1365	35	50	
	2	6	1016	1066	1116	1166	1216	1266	1316	1366	36	51	
	2	7	1017	1067	1117	1167	1217	1267	1317	1367	37	52	
	2	8	1018	1068	1118	1168	1218	1268	1318	1368	38	53	
	2	9	0	0	0	0	0	0	0	0	39	54	
	2	10	0	0	0	0	0	0	0	0	40	55	
	2	11	51185	51186	51187	51188	51189	51190	51191	51192	50224	50225	
	2	12	51409	51410	51411	51412	51413	51414	51415	51416	50260	50261	
	2	13	51007	51029	51008	51009	51010	51011	51012	51013	50002	50003	
	2	14	51044	51045	51046	51047	51048	51049	51050	51051	50012	50013	
	2	15	51225	51226	51227	51228	51229	51230	51231	51232	50022	50023	
	2	16	51463	51464	51465	51466	51467	51468	51469	51470	50080	50081	
	2	17	51511	51512	51513	51514	51515	51516	51517	51518	50094	50095	
	2	18	51759	51760	51761	51762	51763	51764	51765	51766	50575	50576	
	2	19	51831	51832	51833	51834	51835	51836	51837	51838	50639	50640	
	2	20	53459	53460	53461	53462	53463	53464	53465	53466	53439	53440	
	2	21	53535	53536	53537	53538	53539	53540	53541	53542	53517	53518	
	2	22	53611	53612	53613	53614	53615	53616	53617	53618	53593	53594	
	2	23	53687	53688	53689	53690	53691	53692	53693	53694	53669	53670	
	2	24	53763	53764	53765	53766	53767	53768	53769	53770	53745	53746	
	2	25	0	0	0	0	0	0	0	0	50104	50106	
	3	1	1021	1071	1121	1171	1221	1271	1321	1371	61	76	
	3	2	1022	1072	1122	1172	1222	1272	1322	1372	62	77	
	3	3	1023	1073	1123	1173	1223	1273	1323	1373	63	78	
	3	4	1024	1074	1124	1174	1224	1274	1324	1374	64	79	
	3	5	1025	1075	1125	1175	1225	1275	1325	1375	65	80	
	3	6	1026	1076	1126	1176	1226	1276	1326	1376	66	81	
	3	7	1027	1077	1127	1177	1227	1277	1327	1377	67	82	
	3	8	1028	1078	1128	1178	1228	1278	1328	1378	68	83	
	3	9	0	0	0	0	0	0	0	0	69	84	
	3	10	0	0	0	0	0	0	0	0	70	85	
	3	11	51193	51194	51195	51196	51197	51198	51199	51200	50226	50227	
	3	12	51417	51418	51419	51420	51421	51422	51423	51424	50262	50263	
	3	13	51091	51092	51093	51094	51095	51096	51097	51098	50008	50009	
	3	14	51068	51069	51070	51071	51072	51073	51074	51075	50018	50019	
	3	15	51249	51250	51251	51252	51253	51254	51255	51256	50028	50029	
	3	16	51487	51488	51489	51490	51491	51492	51493	51494	50086	50087	
	3	17	51535	51536	51537	51538	51539	51540	51541	51542	50124	50125	
	3	18	51783	51784	51785	51786	51787	51788	51789	51790	50581	50582	
	3	19	51855	51856	51857	51858	51859	51860	51861	51862	50645	50646	
	3	20	53483	53484	53485	53486	53487	53488	53489	53490	53445	53446	
	3	21	53559	53560	53561	53562	53563	53564	53565	53566	53522	53523	
	3	22	53635	53636	53637	53638	53639	53640	53641	53642	53598	53599	
	3	23	53711	53712	53713	53714	53715	53716	53717	53718	53674	53675	
	3	24	53787	53788	53789	53790	53791	53792	53793	53794	53750	53751	
	3	25	0	0	0	0	0	0	0	0	50116	50118	
	4	1	1031	1081	1131	1181	1231	1281	1331	1381	91	106	
	4	2	1032	1082	1132	1182	1232	1282	1332	1382	92	107	
	4	3	1033	1083	1133	1183	1233	1283	1333	1383	93	108	
	4	4	1034	1084	1134	1184	1234	1284	1334	1384	94	109	
	4	5	1035	1085	1135	1185	1235	1285	1335	1385	95	110	
	4	6	1036	1086	1136	1186	1236	1286	1336	1386	96	111	
	4	7	1037	1087	1137	1187	1237	1287	1337	1387	97	112	
	4	8	1038	1088	1138	1188	1238	1288	1338	1388	98	113	
	4	9	0	0	0	0	0	0	0	0	99	114	
	4	10	0	0	0	0	0	0	0	0	100	115	
	4	11	51201	51202	51203	51204	51205	51206	51207	51208	50228	50229	
	4	12	51425	51426	51427	51428	51429	51430	51431	51432	50264	50265	
	4	13	51021	51031	51022	51023	51024	51025	51026	51027	50004	50005	
	4	14	51060	51061	51062	51063	51064	51065	51066	51067	50014	50015	
	4	15	51241	51242	51243	51244	51245	51246	51247	51248	50024	50025	
	4	16	51479	51480	51481	51482	51483	51484	51485	51486	50082	50083	
	4	17	51527	51528	51529	51530	51531	51532	51533	51534	50096	50097	
	4	18	51767	51768	51769	51770	51771	51772	51773	51774	50577	50578	
	4	19	51847	51848	51849	51850	51851	51852	51853	51854	50641	50642	
	4	20	53475	53476	53477	53478	53479	53480	53481	53482	53441	53442	
	4	21	53543	53544	53545	53546	53547	53548	53549	53550	53519	53519	
	4	22	53619	53620	53621	53622	53623	53624	53625	53626	53595	53595	
	4	23	53695	53696	53697	53698	53699	53700	53701	53702	53671	53671	
	4	24	53771	53772	53773	53774	53775	53776	53777	53778	53747	53747	
	4	25	0	0	0	0	0	0	0	0	50108	50110	
	5	1	1041	1091	1141	1191	1241	1291	1341	1391	137	152	
	5	2	1042	1092	1142	1192	1242	1292	1342	1392	138	153	
	5	3	1043	1093	1143	1193	1243	1293	1343	1393	139	154	
	5	4	1044	1094	1144	1194	1244	1294	1344	1394	140	155	
	5	5	1045	1095	1145	1195	1245	1295	1345	1395	141	156	
	5	6	1046	1096	1146	1196	1246	1296	1346	1396	142	157	
	5	7	1047	1097	1147	1197	1247	1297	1347	1397	143	158	
	5	8	1048	1098	1148	1198	1248	1298	1348	1398	144	159	
	5	9	0	0	0	0	0	0	0	0	145	160	
	5	10	0	0	0	0	0	0	0	0	146	161	
	5	11	51209	51210	51211	51212	51213	51214	51215	51216	50230	50231	
	5	12	51433	51434	51435	51436	51437	51438	51439	51440	50266	50267	
	5	13	51014	51030	51015	51016	51017	51018	51019	51020	50006	50007	
	5	14	51052	51053	51054	51055	51056	51057	51058	51059	50016	50017	
	5	15	51233	51234	51235	51236	51237	51238	51239	51240	50026	50027	
	5	16	51471	51472	51473	51474	51475	51476	51477	51478	50084	50085	
	5	17	51519	51520	51521	51522	51523	51524	51525	51526	50098	50099	
	5	18	51775	51776	51777	51778	51779	51780	51781	51782	50579	50580	
	5	19	51839	51840	51841	51842	51843	51844	51845	51846	50643	50644	
	5	20	53467	53468	53469	53470	53471	53472	53473	53474	53443	53444	
	5	21	53551	53552	53553	53554	53555	53556	53557	53558	53520	53521	
	5	22	53627	53628	53629	53630	53631	53632	53633	53634	53596	53597	
	5	23	53703	53704	53705	53706	53707	53708	53709	53710	53672	53673	
	5	24	53779	53780	53781	53782	53783	53784	53785	53786	53748	53749	
	5	25	0	0	0	0	0	0	0	0	50112	50114	
	6	1	1433	1443	1453	1463	1473	1483	1493	1503	175	190	
	6	2	1434	1444	1454	1464	1474	1484	1494	1504	176	191	
	6	3	1435	1445	1455	1465	1475	1485	1495	1505	177	192	
	6	4	1436	1446	1456	1466	1476	1486	1496	1506	178	193	
	6	5	1437	1447	1457	1467	1477	1487	1497	1507	179	194	
	6	6	1438	1448	1458	1468	1478	1488	1498	1508	180	195	
	6	7	1439	1449	1459	1469	1479	1489	1499	1509	181	196	
	6	8	1440	1450	1460	1470	1480	1490	1500	1510	182	197	
	6	9	0	0	0	0	0	0	0	0	183	198	
	6	10	0	0	0	0	0	0	0	0	184	199	
	6	11	51383	51384	51385	51386	51387	51388	51389	51390	50252	50253	
	6	12	51447	51448	51449	51450	51451	51452	51453	51454	50268	50269	
	6	13	51359	51360	51361	51362	51363	51364	51365	51366	50050	50051	
	6	14	51367	51368	51369	51370	51371	51372	51373	51374	50052	50053	
	6	15	51375	51376	51377	51378	51379	51380	51381	51382	50054	50055	
	6	16	51495	51496	51497	51498	51499	51500	51501	51502	50088	50089	
	6	17	51543	51544	51545	51546	51547	51548	51549	51550	50126	50127	
	6	18	51791	51792	51793	51794	51795	51796	51797	51798	50583	50584	
	6	19	51863	51864	51865	51866	51867	51868	51869	51870	50647	50648	
	6	20	53491	53492	53493	53494	53495	53496	53497	53498	53447	53448	
	6	21	53567	53568	53569	53570	53571	53572	53573	53574	53524	53524	
	6	22	53643	53644	53645	53646	53647	53648	53649	53650	53600	53600	
	6	23	53719	53720	53721	53722	53723	53724	53725	53726	53676	53676	
	6	24	53795	53796	53797	53798	53799	53800	53801	53802	53752	53752	
	6	25	0	0	0	0	0	0	0	0	50120	50122	
	7	1	1513	1523	1533	1543	1553	1563	1573	1583	213	213	
	7	2	1514	1524	1534	1544	1554	1564	1574	1584	214	214	
	7	3	1515	1525	1535	1545	1555	1565	1575	1585	215	215	
	7	4	1516	1526	1536	1546	1556	1566	1576	1586	216	216	
	7	5	1517	1527	1537	1547	1557	1567	1577	1587	217	217	
	7	6	1518	1528	1538	1548	1558	1568	1578	1588	218	218	
	7	7	1519	1529	1539	1549	1559	1569	1579	1589	219	219	
	7	8	1520	1530	1540	1550	1560	1570	1580	1590	220	220	
	7	9	0	0	0	0	0	0	0	0	221	221	
	7	10	0	0	0	0	0	0	0	0	222	222	
	7	11	51711	51712	51713	51714	51715	51716	51717	51718	50137	50137	
	7	12	51719	51720	51721	51722	51723	51724	51725	51726	50139	50139	
	7	13	51655	51656	51657	51658	51659	51660	51661	51662	50128	50128	
	7	14	51663	51664	51665	51666	51667	51668	51669	51670	50129	50129	
	7	15	51671	51672	51673	51674	51675	51676	51677	51678	50130	50130	
	7	16	51679	51680	51681	51682	51683	51684	51685	51686	50132	50132	
	7	17	51687	51688	51689	51690	51691	51692	51693	51694	50133	50133	
	7	18	51799	51800	51801	51802	51803	51804	51805	51806	50585	50585	
	7	19	51871	51872	51873	51874	51875	51876	51877	51878	50649	50649	
	7	20	53499	53500	53501	53502	53503	53504	53505	53506	53449	53449	
	7	21	53575	53576	53577	53578	53579	53580	53581	53582	53525	53525	
	7	22	53651	53652	53653	53654	53655	53656	53657	53658	53601	53601	
	7	23	53727	53728	53729	53730	53731	53732	53733	53734	53677	53677	
	7	24	53803	53804	53805	53806	53807	53808	53809	53810	53753	53753	
	7	25	0	0	0	0	0	0	0	0	50135	50135	
	8	1	1593	1603	1613	1623	1633	1643	1653	1663	228	228	
	8	2	1594	1604	1614	1624	1634	1644	1654	1664	229	229	
	8	3	1595	1605	1615	1625	1635	1645	1655	1665	230	230	
	8	4	1596	1606	1616	1626	1636	1646	1656	1666	231	231	
	8	5	1597	1607	1617	1627	1637	1647	1657	1667	232	232	
	8	6	1598	1608	1618	1628	1638	1648	1658	1668	233	233	
	8	7	1599	1609	1619	1629	1639	1649	1659	1669	234	234	
	8	8	1600	1610	1620	1630	1640	1650	1660	1670	235	235	
	8	9	0	0	0	0	0	0	0	0	236	236	
	8	10	0	0	0	0	0	0	0	0	237	237	
	8	11	57065	57066	57067	57068	57069	57070	57071	57072	50329	50329	
	8	12	57073	57074	57075	57076	57077	57078	57079	57080	50586	50586	
	8	13	57009	57010	57011	57012	57013	57014	57015	57016	50320	50320	
	8	14	57017	57018	57019	57020	57021	57022	57023	57024	50321	50321	
	8	15	57025	57026	57027	57028	57029	57030	57031	57032	50322	50322	
	8	16	57033	57034	57035	57036	57037	57038	57039	57040	50324	50324	
	8	17	57041	57042	57043	57044	57045	57046	57047	57048	50325	50325	
	8	18	51807	51808	51809	51810	51811	51812	51813	51814	50599	50599	
	8	19	51879	51880	51881	51882	51883	51884	51885	51886	50650	50650	
	8	20	53507	53508	53509	53510	53511	53512	53513	53514	53450	53450	
	8	21	53583	53584	53585	53586	53587	53588	53589	53590	53526	53526	
	8	22	53659	53660	53661	53662	53663	53664	53665	53666	53602	53602	
	8	23	53735	53736	53737	53738	53739	53740	53741	53742	53678	53678	
	8	24	53811	53812	53813	53814	53815	53816	53817	53818	53754	53754	
	8	25	0	0	0	0	0	0	0	0	50327	50327	
	9	1	52735	52736	52737	52738	52739	52740	52741	52742	249	249	
	9	2	57473	57474	57475	57476	57477	57478	57479	57480	35129	35129	
	9	3	57481	57482	57483	57484	57485	57486	57487	57488	50294	50294	
	9	4	52751	52752	52753	52754	52755	52756	52757	52758	50295	50295	
	9	5	52759	52760	52761	52762	52763	52764	52765	52766	35131	35131	
	9	6	52767	52768	52769	52770	52771	52772	52773	52774	35135	35135	
	9	7	52775	52776	52777	52778	52779	52780	52781	52782	35132	35132	
	9	8	0	0	0	0	0	0	0	0	35136	35136	
	9	9	0	0	0	0	0	0	0	0	35133	35133	
	9	10	0	0	0	0	0	0	0	0	35137	35137	
	9	11	0	0	0	0	0	0	0	0	35134	35134	
	9	12	0	0	0	0	0	0	0	0	35152	35152	
