//pet 관리 정보 스크립트				0. 1~6인챈 효과(없음)									펫UI상태설정		친밀도 값에 따라 옵션은 누적 되지 않습니다. 1개의 옵션만 활성화 																																																																																	
//최초 작성자 : 	이인			1. 7인챈 효과																																																																																												
//최종 작업자 :	정동일			2. 10인챈 효과																																																																																												
//최종 작성일 :	오후 3:24 2008-11-14			3. 12인챈 효과																																																																																												
//version 1.0.0.4				4. 1~6인챈 효과(디바인)																																																																																												
//				5. 7인챈 효과(디바인)																																																																																												
//계열				6. 10인챈 효과(디바인)	포만감 및 친밀도 상승/ 하락값 설정										친밀도 0~20% 											친밀도 21~40%											친밀도 41~59%											친밀도 범위60~99%											친밀도100%																																					
//				7. 12인챈 효과(디바인)																																																																																												
//1		0.9.0.2		0.9.0.2								국내누적설정x	0.8.1.9	0.9.0.4																																																																																		
//인덱스 코드	펫	네임코드	몬스터ID	인챈트효과	포만감상승값1	포만감하락값1	포만감하락값2	친밀도상승값1	친밀도하락값1	친밀도하락값2	AI타입	누적설정	펫UI상태설정	펫위치설정	친밀도 최소범위1	친밀도 최대범위1	옵션종류	수치타입	옵션값	옵션종류	수치타입	옵션값	옵션종류	수치타입	옵션값	친밀도 최소범위2	친밀도 최대범위2	옵션종류	수치타입	옵션값	옵션종류	수치타입	옵션값	옵션종류	수치타입	옵션값	친밀도 최소범위3	친밀도 최대범위3	옵션종류	수치타입	옵션값	옵션종류	수치타입	옵션값	옵션종류	수치타입	옵션값	친밀도 최소범위4	친밀도 최대범위4	옵션종류	수치타입	옵션값	옵션종류	수치타입	옵션값	옵션종류	수치타입	옵션값	친밀도 최소범위5	친밀도 최대범위5	옵션종류	수치타입	옵션값	옵션종류	수치타입	옵션값	옵션종류	수치타입	옵션값																											
dwIndex	Name	NameCode	wMonsterCode	EffectType	byFullnessUp	byFullnessDown1	byFullnessDown2	byIntimacyUp	byIntimacyDown1	byIntimacyDown2	byAIType	Cumulate	PdisplayMove	Pposition	byIntimacyMin1	byIntimacyMax1	wPet1OptionKind1	byPet1ValueType1	iPet1Value1	wPet1OptionKind2	byPet1ValueType2	iPet1Value2	wPet1OptionKind3	byPet1ValueType3	iPet1Value3	byIntimacyMin2	byIntimacyMax2	wPet2OptionKind1	byPet2ValueType1	iPet2Value1	wPet2OptionKind2	byPet2ValueType2	iPet2Value2	wPet2OptionKind3	byPet2ValueType3	iPet2Value3	byIntimacyMin3	byIntimacyMax3	wPet3OptionKind1	byPet3ValueType1	iPet3Value1	wPet3OptionKind2	byPet3ValueType2	iPet3Value2	wPet3OptionKind3	byPet3ValueType3	iPet3Value3	byIntimacyMin4	byIntimacyMax4	wPet4OptionKind1	byPet4ValueType1	iPet4Value1	wPet4OptionKind2	byPet4ValueType2	iPet4Value2	wPet4OptionKind3	byPet4ValueType3	iPet4Value3	byIntimacyMin5	byIntimacyMax5	wPet5OptionKind1	byPet5ValueType1	iPet5Value1	wPet5OptionKind2	byPet5ValueType2	iPet5Value2	wPet5OptionKind3	byPet5ValueType3	iPet5Value3	FieldEnd																										
1	회색트링겔고양이	158171	5000	0	3	2	10	3	0	10	0	0	0	0	0	20	0	0	0	0	0	0	0	0	0	21	40	0	0	0	0	0	0	0	0	0	41	59	0	0	0	0	0	0	0	0	0	60	99	42	2	30	0	0	0	0	0	0	100	100	42	2	100	0	0	0	0	0	0																											
2	얼룩트링겔고양이	158172	5001	0	3	2	10	3	0	10	0	0	0	0	0	20	0	0	0	0	0	0	0	0	0	21	40	0	0	0	0	0	0	0	0	0	41	59	0	0	0	0	0	0	0	0	0	60	99	42	2	30	0	0	0	0	0	0	100	100	42	2	100	0	0	0	0	0	0																											
3	흰색트링겔고양이	158173	5002	0	3	2	10	3	0	10	0	0	0	0	0	20	0	0	0	0	0	0	0	0	0	21	40	0	0	0	0	0	0	0	0	0	41	59	0	0	0	0	0	0	0	0	0	60	99	42	2	30	0	0	0	0	0	0	100	100	42	2	100	0	0	0	0	0	0																											
4	검정트링겔고양이	158174	5003	0	3	2	10	3	0	10	0	0	0	0	0	20	0	0	0	0	0	0	0	0	0	21	40	0	0	0	0	0	0	0	0	0	41	59	0	0	0	0	0	0	0	0	0	60	99	42	2	30	0	0	0	0	0	0	100	100	42	2	100	0	0	0	0	0	0																											
5	황색트링겔고양이	158175	5004	0	3	2	10	3	0	10	0	0	0	0	0	20	0	0	0	0	0	0	0	0	0	21	40	0	0	0	0	0	0	0	0	0	41	59	0	0	0	0	0	0	0	0	0	60	99	42	2	30	0	0	0	0	0	0	100	100	42	2	100	0	0	0	0	0	0																											
6	벨트헨수탉	158176	5005	0	3	2	10	3	0	10	0	0	0	0	0	20	0	0	0	0	0	0	0	0	0	21	40	0	0	0	0	0	0	0	0	0	41	59	0	0	0	0	0	0	0	0	0	60	99	39	1	20	0	0	0	0	0	0	100	100	39	1	40	0	0	0	0	0	0																											
7	벨트헨암탉	158177	5006	0	3	2	10	3	0	10	0	0	0	0	0	20	0	0	0	0	0	0	0	0	0	21	40	0	0	0	0	0	0	0	0	0	41	59	0	0	0	0	0	0	0	0	0	60	99	39	1	20	0	0	0	0	0	0	100	100	39	1	40	0	0	0	0	0	0																											
8	흰색달토끼	158178	5007	0	3	2	10	3	0	10	0	0	0	0	0	20	0	0	0	0	0	0	0	0	0	21	40	0	0	0	0	0	0	0	0	0	41	59	0	0	0	0	0	0	0	0	0	60	99	40	1	20	0	0	0	0	0	0	100	100	40	1	40	0	0	0	0	0	0																											
9	검은달토끼	158179	5008	0	3	2	10	3	0	10	0	0	0	0	0	20	0	0	0	0	0	0	0	0	0	21	40	0	0	0	0	0	0	0	0	0	41	59	0	0	0	0	0	0	0	0	0	60	99	40	1	20	0	0	0	0	0	0	100	100	40	1	40	0	0	0	0	0	0																											
10	회색달토끼	158180	5009	0	3	2	10	3	0	10	0	0	0	0	0	20	0	0	0	0	0	0	0	0	0	21	40	0	0	0	0	0	0	0	0	0	41	59	0	0	0	0	0	0	0	0	0	60	99	40	1	20	0	0	0	0	0	0	100	100	40	1	40	0	0	0	0	0	0																											
11	검은날개박쥐	158181	5010	0	3	2	10	3	0	10	0	0	1	1	0	20	0	0	0	0	0	0	0	0	0	21	40	0	0	0	0	0	0	0	0	0	41	59	0	0	0	0	0	0	0	0	0	60	99	39	1	20	0	0	0	0	0	0	100	100	39	1	40	0	0	0	0	0	0																											
12	고스트	158182	5011	0	3	2	10	3	0	10	0	0	1	2	0	20	0	0	0	0	0	0	0	0	0	21	40	0	0	0	0	0	0	0	0	0	41	59	0	0	0	0	0	0	0	0	0	60	99	43	5	50	0	0	0	0	0	0	100	100	42	2	150	0	0	0	0	0	0																											
13	골렘	158183	5012	0	3	2	10	3	0	10	0	0	0	0	0	20	0	0	0	0	0	0	0	0	0	21	40	0	0	0	0	0	0	0	0	0	41	59	0	0	0	0	0	0	0	0	0	60	99	41	1	3	0	0	0	0	0	0	100	100	41	1	5	0	0	0	0	0	0																											
14	시베리안허스키	158184	5013	0	3	2	10	3	0	10	0	0	0	0	0	20	0	0	0	0	0	0	0	0	0	21	40	0	0	0	0	0	0	0	0	0	41	59	0	0	0	0	0	0	0	0	0	60	99	30	1	20	0	0	0	0	0	0	100	100	30	1	40	0	0	0	0	0	0																											
15	도베르만	158185	5014	0	3	2	10	3	0	10	0	0	0	0	0	20	0	0	0	0	0	0	0	0	0	21	40	0	0	0	0	0	0	0	0	0	41	59	0	0	0	0	0	0	0	0	0	60	99	41	1	2	0	0	0	0	0	0	100	100	41	1	4	0	0	0	0	0	0																											
16	세인트버나드	158186	5015	0	3	2	10	3	0	10	0	0	0	0	0	20	0	0	0	0	0	0	0	0	0	21	40	0	0	0	0	0	0	0	0	0	41	59	0	0	0	0	0	0	0	0	0	60	99	41	1	2	0	0	0	0	0	0	100	100	41	1	4	0	0	0	0	0	0																											
17	닥스훈트	158187	5016	0	3	2	10	3	0	10	0	0	0	0	0	20	0	0	0	0	0	0	0	0	0	21	40	0	0	0	0	0	0	0	0	0	41	59	0	0	0	0	0	0	0	0	0	60	99	30	1	20	0	0	0	0	0	0	100	100	30	1	40	0	0	0	0	0	0																											
18	에텔레인오색나비	158188	5017	0	3	2	10	3	0	10	0	0	1	1	0	20	0	0	0	0	0	0	0	0	0	21	40	0	0	0	0	0	0	0	0	0	41	59	0	0	0	0	0	0	0	0	0	60	99	35	1	5	0	0	0	0	0	0	100	100	35	1	10	0	0	0	0	0	0																											
19	팬더	158189	5018	0	3	2	10	3	0	10	0	0	0	0	0	20	0	0	0	0	0	0	0	0	0	21	40	0	0	0	0	0	0	0	0	0	41	59	0	0	0	0	0	0	0	0	0	60	99	51	2	30	0	0	0	0	0	0	100	100	51	2	50	0	0	0	0	0	0																											
20	팽귄	158190	5019	0	3	2	10	3	0	10	0	0	0	0	0	20	0	0	0	0	0	0	0	0	0	21	40	0	0	0	0	0	0	0	0	0	41	59	0	0	0	0	0	0	0	0	0	60	99	28	1	200	0	0	0	0	0	0	100	100	28	1	400	0	0	0	0	0	0																											
21	버찌드래곤	158191	5020	0	3	2	10	3	0	10	0	0	1	2	0	20	0	0	0	0	0	0	0	0	0	21	40	0	0	0	0	0	0	0	0	0	41	59	0	0	0	0	0	0	0	0	0	60	99	43	5	100	0	0	0	0	0	0	100	100	15	2	100	0	0	0	0	0	0																											
22	복어	158192	5021	0	3	2	10	3	0	10	0	0	1	2	0	20	0	0	0	0	0	0	0	0	0	21	40	0	0	0	0	0	0	0	0	0	41	59	0	0	0	0	0	0	0	0	0	60	99	43	5	50	0	0	0	0	0	0	100	100	42	2	150	0	0	0	0	0	0																											
23	윌베르그독수리	158193	5022	0	3	2	10	3	0	10	0	0	1	2	0	20	0	0	0	0	0	0	0	0	0	21	40	0	0	0	0	0	0	0	0	0	41	59	0	0	0	0	0	0	0	0	0	60	99	14	1	3	0	0	0	0	0	0	100	100	14	1	5	0	0	0	0	0	0																											
24	스노우맨	158194	5023	0	3	2	10	3	0	10	0	0	0	0	0	20	0	0	0	0	0	0	0	0	0	21	40	0	0	0	0	0	0	0	0	0	41	59	0	0	0	0	0	0	0	0	0	60	99	49	1	20	0	0	0	0	0	0	100	100	49	1	40	0	0	0	0	0	0																											
25	리자드맨	158195	5024	0	3	2	10	3	0	10	0	0	0	0	0	20	0	0	0	0	0	0	0	0	0	21	40	0	0	0	0	0	0	0	0	0	41	59	0	0	0	0	0	0	0	0	0	60	99	31	5	50	0	0	0	0	0	0	100	100	31	5	100	0	0	0	0	0	0																											
26	데몬	158196	5025	0	3	2	10	3	0	10	0	0	1	2	0	20	0	0	0	0	0	0	0	0	0	21	40	0	0	0	0	0	0	0	0	0	41	59	0	0	0	0	0	0	0	0	0	60	99	1	1	3	0	0	0	0	0	0	100	100	1	1	5	0	0	0	0	0	0																											
27	팬더(GM)	158189	5026	0	0	0	0	0	0	0	0	0	0	0	0	20	0	0	0	0	0	0	0	0	0	21	40	0	0	0	0	0	0	0	0	0	41	59	0	0	0	0	0	0	0	0	0	60	99	0	0	0	0	0	0	0	0	0	100	100	0	0	0	0	0	0	0	0	0																											
28	흰색보름달토끼	158169	5027	0	3	2	10	3	0	10	0	0	0	0	0	20	0	0	0	0	0	0	0	0	0	21	40	0	0	0	0	0	0	0	0	0	41	59	0	0	0	0	0	0	0	0	0	60	99	40	1	20	0	0	0	0	0	0	100	100	40	1	40	0	0	0	0	0	0																											
29	자이언트팬더	158208	5028	0	3	2	10	3	0	10	0	0	0	0	0	20	0	0	0	0	0	0	0	0	0	21	40	0	0	0	0	0	0	0	0	0	41	59	0	0	0	0	0	0	0	0	0	60	99	42	1	30	0	0	0	0	0	0	100	100	45	5	100	0	0	0	0	0	0																											
30	자이언트팬더	158208	5029	0	3	2	10	3	0	10	0	0	0	0	0	20	0	0	0	0	0	0	0	0	0	21	40	0	0	0	0	0	0	0	0	0	41	59	0	0	0	0	0	0	0	0	0	60	99	42	1	40	0	0	0	0	0	0	100	100	45	5	150	0	0	0	0	0	0																											
31	질주의팬더	158209	5030	0	3	2	10	3	0	10	0	0	0	0	0	20	0	0	0	0	0	0	0	0	0	21	40	0	0	0	0	0	0	0	0	0	41	59	0	0	0	0	0	0	0	0	0	60	99	32	1	7	0	0	0	0	0	0	100	100	28	2	20	1	1	25	0	0	0																											
32	강인한팬더	158210	5031	0	3	2	10	3	0	10	0	0	0	0	0	20	0	0	0	0	0	0	0	0	0	21	40	0	0	0	0	0	0	0	0	0	41	59	0	0	0	0	0	0	0	0	0	60	99	49	1	100	0	0	0	0	0	0	100	100	50	2	10	49	1	300	0	0	0																											
33	부자팬더	158211	5032	0	3	2	10	3	0	10	0	0	0	0	0	20	0	0	0	0	0	0	0	0	0	21	40	0	0	0	0	0	0	0	0	0	41	59	0	0	0	0	0	0	0	0	0	60	99	44	5	200	0	0	0	0	0	0	100	100	44	5	500	14	1	20	0	0	0																											
34	숙련도팬더	158212	5033	0	3	2	10	3	0	10	0	0	0	0	0	20	0	0	0	0	0	0	0	0	0	21	40	0	0	0	0	0	0	0	0	0	41	59	0	0	0	0	0	0	0	0	0	60	99	31	5	15	0	0	0	0	0	0	100	100	35	1	10	31	5	35	0	0	0																											
35	행운의팬더	158213	5034	0	3	2	10	3	0	10	0	0	0	0	0	20	0	0	0	0	0	0	0	0	0	21	40	0	0	0	0	0	0	0	0	0	41	59	0	0	0	0	0	0	0	0	0	60	99	45	5	100	0	0	0	0	0	0	100	100	41	1	5	45	5	150	0	0	0																											
36	작은악마	45283	5035	0	0	0	0	0	0	0	0	0	1	2	0	20	0	0	0	0	0	0	0	0	0	21	40	0	0	0	0	0	0	0	0	0	41	59	0	0	0	0	0	0	0	0	0	60	99	0	0	0	0	0	0	0	0	0	100	100	0	0	0	0	0	0	0	0	0																											
37	슈퍼고스트	158216	5011	0	3	2	10	3	0	10	0	0	1	2	0	20	0	0	0	0	0	0	0	0	0	21	40	0	0	0	0	0	0	0	0	0	41	59	0	0	0	0	0	0	0	0	0	60	99	28	1	600	1	2	100	0	0	0	100	100	24	1	30	0	0	0	0	0	0																											
38	슈퍼도베르만	158217	5014	0	3	2	10	3	0	10	0	0	0	0	0	20	0	0	0	0	0	0	0	0	0	21	40	0	0	0	0	0	0	0	0	0	41	59	0	0	0	0	0	0	0	0	0	60	99	1	2	100	0	0	0	0	0	0	100	100	42	1	50	0	0	0	0	0	0																											
39	슈허황색트링겔고양이	158218	5004	0	3	2	10	3	0	10	0	0	0	0	0	20	0	0	0	0	0	0	0	0	0	21	40	0	0	0	0	0	0	0	0	0	41	59	0	0	0	0	0	0	0	0	0	60	99	41	1	20	0	0	0	0	0	0	100	100	1	2	50	0	0	0	0	0	0																											
40	슈허흰색트링겔고양이	158219	5002	0	3	2	10	3	0	10	0	0	0	0	0	20	0	0	0	0	0	0	0	0	0	21	40	0	0	0	0	0	0	0	0	0	41	59	0	0	0	0	0	0	0	0	0	60	99	41	1	20	0	0	0	0	0	0	100	100	40	1	20	0	0	0	0	0	0																											
41	헬하운드	47303	5036	0	3	2	10	3	0	10	0	0	0	0	0	20	0	0	0	0	0	0	0	0	0	21	40	0	0	0	0	0	0	0	0	0	41	59	0	0	0	0	0	0	0	0	0	60	99	0	0	0	0	0	0	0	0	0	100	100	45	5	50	44	5	50	0	0	0																											
42	킹슬라임	90146	5037	0	3	2	10	3	0	10	0	0	0	0	0	20	0	0	0	0	0	0	0	0	0	21	40	0	0	0	0	0	0	0	0	0	41	59	0	0	0	0	0	0	0	0	0	60	99	39	1	13	0	0	0	0	0	0	100	100	39	1	27	54	1	1	0	0	0																											
43	오염된거미	90147	5038	0	3	2	10	3	0	10	0	0	0	0	0	20	0	0	0	0	0	0	0	0	0	21	40	0	0	0	0	0	0	0	0	0	41	59	0	0	0	0	0	0	0	0	0	60	99	1	1	2	0	0	0	0	0	0	100	100	1	1	3	54	1	1	0	0	0																											
44	아이스퀸	90148	5039	0	3	2	10	3	0	10	0	0	0	0	0	20	0	0	0	0	0	0	0	0	0	21	40	0	0	0	0	0	0	0	0	0	41	59	0	0	0	0	0	0	0	0	0	60	99	49	1	13	0	0	0	0	0	0	100	100	49	1	27	54	1	1	0	0	0																											
45	황금버찌드래곤	90149	5040	0	3	2	10	3	0	10	0	0	1	2	0	20	0	0	0	0	0	0	0	0	0	21	40	0	0	0	0	0	0	0	0	0	41	59	0	0	0	0	0	0	0	0	0	60	99	43	5	50	0	0	0	0	0	0	100	100	15	1	5	54	1	1	0	0	0																											
46	핌불베트르	90150	5041	0	3	2	10	3	0	10	0	0	0	0	0	20	0	0	0	0	0	0	0	0	0	21	40	0	0	0	0	0	0	0	0	0	41	59	0	0	0	0	0	0	0	0	0	60	99	51	2	20	0	0	0	0	0	0	100	100	51	2	30	54	1	1	0	0	0																											
47	병아리	302148	5042	0	3	2	10	3	0	10	0	0	0	0	0	20	0	0	0	0	0	0	0	0	0	21	40	0	0	0	0	0	0	0	0	0	41	59	0	0	0	0	0	0	0	0	0	60	99	36	1	10	0	0	0	0	0	0	100	100	36	1	15	0	0	0	0	0	0																											
48	흰색트링겔고양이	158173	5002	0	3	2	10	3	0	10	0	0	0	0	0	20	0	0	0	0	0	0	0	0	0	21	40	0	0	0	0	0	0	0	0	0	41	59	0	0	0	0	0	0	0	0	0	60	99	25	1	7	0	0	0	0	0	0	100	100	40	1	50	0	0	0	0	0	0																											
49	노란색트링겔고양이	158242	5004	0	3	2	10	3	0	10	0	0	0	0	0	20	0	0	0	0	0	0	0	0	0	21	40	0	0	0	0	0	0	0	0	0	41	59	0	0	0	0	0	0	0	0	0	60	99	40	1	50	0	0	0	0	0	0	100	100	41	1	5	0	0	0	0	0	0																											
50	자이언트팬더(금빛상자)	158208	5028	0	3	2	10	3	0	10	0	0	0	0	0	20	0	0	0	0	0	0	0	0	0	21	40	0	0	0	0	0	0	0	0	0	41	59	0	0	0	0	0	0	0	0	0	60	99	42	1	30	0	0	0	0	0	0	100	100	45	5	100	0	0	0	0	0	0																											
51	고스트	158182	5011	0	3	2	10	3	0	10	0	0	1	2	0	20	0	0	0	0	0	0	0	0	0	21	40	0	0	0	0	0	0	0	0	0	41	59	0	0	0	0	0	0	0	0	0	60	99	43	5	50	0	0	0	0	0	0	100	100	42	2	150	0	0	0	0	0	0																											
52	줄무늬트링겔고양이	158243	5001	0	3	2	10	3	0	10	0	0	0	0	0	20	0	0	0	0	0	0	0	0	0	21	40	0	0	0	0	0	0	0	0	0	41	59	0	0	0	0	0	0	0	0	0	60	99	27	1	7	0	0	0	0	0	0	100	100	38	1	10	0	0	0	0	0	0																											
53	황금복어	158244	5043	0	3	2	10	3	0	10	0	0	0	2	0	20	0	0	0	0	0	0	0	0	0	21	40	0	0	0	0	0	0	0	0	0	41	59	0	0	0	0	0	0	0	0	0	60	99	31	5	70	0	0	0	0	0	0	100	100	31	5	120	0	0	0	0	0	0																											
54	오염된변이체	90170	5044	0	3	2	10	3	0	10	0	0	0	0	0	20	0	0	0	0	0	0	0	0	0	21	40	0	0	0	0	0	0	0	0	0	41	59	0	0	0	0	0	0	0	0	0	60	99	30	1	20	0	0	0	0	0	0	100	100	30	1	40	0	0	0	0	0	0																											
55	호랑이	158246	5045	0	3	2	10	3	0	10	0	0	0	0	0	20	0	0	0	0	0	0	0	0	0	21	40	0	0	0	0	0	0	0	0	0	41	59	0	0	0	0	0	0	0	0	0	60	99	30	1	30	0	0	0	0	0	0	100	100	30	1	50	0	0	0	0	0	0																											
56	백호	158247	5046	0	3	2	10	3	0	10	0	0	0	0	0	20	0	0	0	0	0	0	0	0	0	21	40	0	0	0	0	0	0	0	0	0	41	59	0	0	0	0	0	0	0	0	0	60	99	30	1	50	0	0	0	0	0	0	100	100	30	1	100	0	0	0	0	0	0																											
57	위풍당당호랑이_국내(황호)	158248	5045	0	3	2	10	3	0	10	0	31	0	0	0	20	0	0	0	0	0	0	0	0	0	21	40	0	0	0	0	0	0	0	0	0	41	59	0	0	0	0	0	0	0	0	0	60	99	47	2	50	35	1	15	0	0	0	100	100	47	2	100	30	1	100	45	5	100																											
58	천하무적호랑이_국내(백호)	158249	5046	0	3	2	10	3	0	10	0	31	0	0	0	20	0	0	0	0	0	0	0	0	0	21	40	0	0	0	0	0	0	0	0	0	41	59	0	0	0	0	0	0	0	0	0	60	99	47	2	50	35	1	15	0	0	0	100	100	47	2	100	30	1	100	45	5	100																											
59	스케이트팽귄_국내(무료이벤트)	158400	5047	0	3	2	10	3	0	10	0	0	0	0	0	20	0	0	0	0	0	0	0	0	0	21	40	0	0	0	0	0	0	0	0	0	41	59	0	0	0	0	0	0	0	0	0	60	99	0	0	0	0	0	0	0	0	0	100	100	0	0	0	0	0	0	0	0	0																											
//신규추가																																																																																																
60	스텀피	158425	5048	0	3	2	10	3	0	10	0	0	0	0	0	20	0	0	0	0	0	0	0	0	0	21	40	0	0	0	0	0	0	0	0	0	41	59	0	0	0	0	0	0	0	0	0	60	99	0	0	0	0	0	0	0	0	0	100	100	0	0	0	0	0	0	0	0	0																											
61	크라비	158426	5049	0	3	2	10	3	0	10	0	0	0	0	0	20	0	0	0	0	0	0	0	0	0	21	40	0	0	0	0	0	0	0	0	0	41	59	0	0	0	0	0	0	0	0	0	60	99	0	0	0	0	0	0	0	0	0	100	100	0	0	0	0	0	0	0	0	0																											
62	그리폰	158427	5050	0	3	2	10	3	0	10	0	0	0	2	0	20	0	0	0	0	0	0	0	0	0	21	40	0	0	0	0	0	0	0	0	0	41	59	0	0	0	0	0	0	0	0	0	60	99	0	0	0	0	0	0	0	0	0	100	100	0	0	0	0	0	0	0	0	0																											
63	피그보이	158428	5051	0	3	2	10	3	0	10	0	0	0	0	0	20	0	0	0	0	0	0	0	0	0	21	40	0	0	0	0	0	0	0	0	0	41	59	0	0	0	0	0	0	0	0	0	60	99	0	0	0	0	0	0	0	0	0	100	100	0	0	0	0	0	0	0	0	0																											
64	펠리칸	158429	5052	0	3	2	10	3	0	10	0	0	0	0	0	20	0	0	0	0	0	0	0	0	0	21	40	0	0	0	0	0	0	0	0	0	41	59	0	0	0	0	0	0	0	0	0	60	99	0	0	0	0	0	0	0	0	0	100	100	0	0	0	0	0	0	0	0	0																											
65	본헤드	158430	5053	0	3	2	10	3	0	10	0	0	0	0	0	20	0	0	0	0	0	0	0	0	0	21	40	0	0	0	0	0	0	0	0	0	41	59	0	0	0	0	0	0	0	0	0	60	99	0	0	0	0	0	0	0	0	0	100	100	0	0	0	0	0	0	0	0	0																											
66	피그렛	158431	5054	0	3	2	10	3	0	10	0	0	0	2	0	20	0	0	0	0	0	0	0	0	0	21	40	0	0	0	0	0	0	0	0	0	41	59	0	0	0	0	0	0	0	0	0	60	99	0	0	0	0	0	0	0	0	0	100	100	0	0	0	0	0	0	0	0	0																											
67	킹크랩	158432	5055	0	3	2	10	3	0	10	0	0	0	0	0	20	0	0	0	0	0	0	0	0	0	21	40	0	0	0	0	0	0	0	0	0	41	59	0	0	0	0	0	0	0	0	0	60	99	0	0	0	0	0	0	0	0	0	100	100	0	0	0	0	0	0	0	0	0																											
68	콜로서스	158433	5056	0	3	2	10	3	0	10	0	0	0	0	0	20	0	0	0	0	0	0	0	0	0	21	40	0	0	0	0	0	0	0	0	0	41	59	0	0	0	0	0	0	0	0	0	60	99	0	0	0	0	0	0	0	0	0	100	100	0	0	0	0	0	0	0	0	0																											
69	세일러	158434	5057	0	3	2	10	3	0	10	0	0	0	0	0	20	0	0	0	0	0	0	0	0	0	21	40	0	0	0	0	0	0	0	0	0	41	59	0	0	0	0	0	0	0	0	0	60	99	0	0	0	0	0	0	0	0	0	100	100	0	0	0	0	0	0	0	0	0																											
70	스와디	158435	5058	0	3	2	10	3	0	10	0	0	0	0	0	20	0	0	0	0	0	0	0	0	0	21	40	0	0	0	0	0	0	0	0	0	41	59	0	0	0	0	0	0	0	0	0	60	99	0	0	0	0	0	0	0	0	0	100	100	0	0	0	0	0	0	0	0	0																											
71	설견	158436	5059	0	3	2	10	3	0	10	0	0	0	0	0	20	0	0	0	0	0	0	0	0	0	21	40	0	0	0	0	0	0	0	0	0	41	59	0	0	0	0	0	0	0	0	0	60	99	0	0	0	0	0	0	0	0	0	100	100	0	0	0	0	0	0	0	0	0																											
72	항아리여우	158437	5060	0	3	2	10	3	0	10	0	0	0	0	0	20	0	0	0	0	0	0	0	0	0	21	40	0	0	0	0	0	0	0	0	0	41	59	0	0	0	0	0	0	0	0	0	60	99	0	0	0	0	0	0	0	0	0	100	100	0	0	0	0	0	0	0	0	0																											
73	허수아비	158438	5061	0	3	2	10	3	0	10	0	0	0	0	0	20	0	0	0	0	0	0	0	0	0	21	40	0	0	0	0	0	0	0	0	0	41	59	0	0	0	0	0	0	0	0	0	60	99	0	0	0	0	0	0	0	0	0	100	100	0	0	0	0	0	0	0	0	0																											
74	올드스텀피	158439	5062	0	3	2	10	3	0	10	0	0	0	0	0	20	0	0	0	0	0	0	0	0	0	21	40	0	0	0	0	0	0	0	0	0	41	59	0	0	0	0	0	0	0	0	0	60	99	0	0	0	0	0	0	0	0	0	100	100	0	0	0	0	0	0	0	0	0																											
75	서리여왕	158440	5063	0	3	2	10	3	0	10	0	0	0	0	0	20	0	0	0	0	0	0	0	0	0	21	40	0	0	0	0	0	0	0	0	0	41	59	0	0	0	0	0	0	0	0	0	60	99	0	0	0	0	0	0	0	0	0	100	100	0	0	0	0	0	0	0	0	0																											
76	세이렌룩	158441	5064	0	3	2	10	3	0	10	0	0	0	0	0	20	0	0	0	0	0	0	0	0	0	21	40	0	0	0	0	0	0	0	0	0	41	59	0	0	0	0	0	0	0	0	0	60	99	0	0	0	0	0	0	0	0	0	100	100	0	0	0	0	0	0	0	0	0																											
77	슬로스	158442	5065	0	3	2	10	3	0	10	0	0	0	0	0	20	0	0	0	0	0	0	0	0	0	21	40	0	0	0	0	0	0	0	0	0	41	59	0	0	0	0	0	0	0	0	0	60	99	0	0	0	0	0	0	0	0	0	100	100	0	0	0	0	0	0	0	0	0																											
78	세이렌비숍	158443	5066	0	3	2	10	3	0	10	0	0	0	0	0	20	0	0	0	0	0	0	0	0	0	21	40	0	0	0	0	0	0	0	0	0	41	59	0	0	0	0	0	0	0	0	0	60	99	0	0	0	0	0	0	0	0	0	100	100	0	0	0	0	0	0	0	0	0																											
79	세이렌폰	158444	5067	0	3	2	10	3	0	10	0	0	0	0	0	20	0	0	0	0	0	0	0	0	0	21	40	0	0	0	0	0	0	0	0	0	41	59	0	0	0	0	0	0	0	0	0	60	99	0	0	0	0	0	0	0	0	0	100	100	0	0	0	0	0	0	0	0	0																											
//신규 펫 에테리아 추가																																																																																																
80	열정의펫	158446	5068	0	3	2	10	3	0	10	0	0	0	0	0	20	0	0	0	0	0	0	0	0	0	21	40	0	0	0	0	0	0	0	0	0	41	59	0	0	0	0	0	0	0	0	0	60	99	31	5	100	32	1	3	0	0	0	100	100	47	2	200	48	2	200	45	5	150																											
81	행운의펫	158447	5069	0	3	2	10	3	0	10	0	31	0	0	0	20	0	0	0	0	0	0	0	0	0	21	40	0	0	0	0	0	0	0	0	0	41	59	0	0	0	0	0	0	0	0	0	60	99	42	2	50	44	5	100	0	0	0	100	100	31	5	200	32	1	5	45	5	150																											
82	골렘_2010크리스마스	158183	5012	0	3	2	10	3	0	10	0	31	0	0	0	20	0	0	0	0	0	0	0	0	0	21	40	0	0	0	0	0	0	0	0	0	41	59	0	0	0	0	0	0	0	0	0	60	99	31	5	100	0	0	0	0	0	0	100	100	31	5	150	54	1	1	0	0	0																											
83	미니칼버스_스킨	158460	5068	0	3	2	10	3	0	10	0	0	0	0	0	20	0	0	0	0	0	0	0	0	0	21	40	0	0	0	0	0	0	0	0	0	41	59	0	0	0	0	0	0	0	0	0	60	99	47	2	50	48	2	50	0	0	0	100	100	47	2	100	48	2	100	45	5	100																											
84	고통스러운칼버스의불완전한영혼_에테리아	158461	5068	0	3	2	10	3	0	10	0	31	0	0	0	20	0	0	0	0	0	0	0	0	0	21	40	0	0	0	0	0	0	0	0	0	41	59	0	0	0	0	0	0	0	0	0	60	99	47	2	30	0	0	0	0	0	0	100	100	47	2	70	45	5	100	0	0	0																											
85	절망하는칼버스의불완전한영혼_에테리아	158462	5068	0	3	2	10	3	0	10	0	31	0	0	0	20	0	0	0	0	0	0	0	0	0	21	40	0	0	0	0	0	0	0	0	0	41	59	0	0	0	0	0	0	0	0	0	60	99	35	1	10	0	0	0	0	0	0	100	100	35	1	15	45	5	100	0	0	0																											
86	격노하는칼버스의불완전한영혼_에테리아	158463	5068	0	3	2	10	3	0	10	0	31	0	0	0	20	0	0	0	0	0	0	0	0	0	21	40	0	0	0	0	0	0	0	0	0	41	59	0	0	0	0	0	0	0	0	0	60	99	30	1	30	0	0	0	0	0	0	100	100	30	1	70	45	5	100	0	0	0																											
87	정화된칼버스의영혼_에테리아	158464	5068	0	3	2	10	3	0	10	0	31	0	0	0	20	0	0	0	0	0	0	0	0	0	21	40	0	0	0	0	0	0	0	0	0	41	59	0	0	0	0	0	0	0	0	0	60	99	47	2	30	48	2	50	30	1	30	100	100	47	2	70	48	2	100	45	5	100																											
88	아르도르원정대펭귄	158467	5047	0	3	2	10	3	0	10	0	0	0	0	0	20	0	0	0	0	0	0	0	0	0	21	40	0	0	0	0	0	0	0	0	0	41	59	0	0	0	0	0	0	0	0	0	60	99	0	0	0	0	0	0	0	0	0	100	100	0	0	0	0	0	0	0	0	0																											
89	타락한꼬마악마_스킨	45601	5069	0	3	2	10	3	0	10	0	0	0	0	0	20	0	0	0	0	0	0	0	0	0	21	40	0	0	0	0	0	0	0	0	0	41	59	0	0	0	0	0	0	0	0	0	60	99	0	0	0	0	0	0	0	0	0	100	100	0	0	0	0	0	0	0	0	0																											
//2011할로윈이벤트 펫(스킨+에테리아)추가																																																																																																
90	할로윈유령	158448	5011	0	3	2	10	3	0	10	0	0	1	2	0	20	0	0	0	0	0	0	0	0	0	21	40	0	0	0	0	0	0	0	0	0	41	59	0	0	0	0	0	0	0	0	0	60	99	0	0	0	0	0	0	0	0	0	100	100	31	5	50	45	5	100	0	0	0																											
//일본 1103 복권용 신규 팻																																																																																																
91	회전햄스터(일본1103복권팻)	155598	5072	0	3	2	10	3	0	10	0	31	1	0	0	20	0	0	0	0	0	0	0	0	0	21	40	0	0	0	0	0	0	0	0	0	41	59	0	0	0	0	0	0	0	0	0	60	99	40	5	20	0	0	0	0	0	0	100	100	42	2	150	0	0	0	0	0	0																											
92	항아리여우(일본1103복권팻)	155599	5060	0	3	2	10	3	0	10	0	31	1	0	0	20	0	0	0	0	0	0	0	0	0	21	40	0	0	0	0	0	0	0	0	0	41	59	0	0	0	0	0	0	0	0	0	60	99	14	2	200	0	0	0	0	0	0	100	100	41	1	7	0	0	0	0	0	0																											
93	드래곤(일본1103복권팻)	155600	5073	0	3	2	10	3	0	10	0	31	1	2	0	20	0	0	0	0	0	0	0	0	0	21	40	0	0	0	0	0	0	0	0	0	41	59	0	0	0	0	0	0	0	0	0	60	99	40	5	10	14	2	100	0	0	0	100	100	42	2	100	41	1	5	0	0	0																											
94	두기(일본1201팻)	155605	5074	0	3	2	10	3	0	10	0	31	1	0	0	20	0	0	0	0	0	0	0	0	0	21	40	0	0	0	0	0	0	0	0	0	41	59	0	0	0	0	0	0	0	0	0	60	99	28	2	100	0	0	0	0	0	0	100	100	32	1	5	0	0	0	0	0	0																											
95	루(일본1201팻)	155606	5075	0	3	2	10	3	0	10	0	31	1	0	0	20	0	0	0	0	0	0	0	0	0	21	40	0	0	0	0	0	0	0	0	0	41	59	0	0	0	0	0	0	0	0	0	60	99	15	1	5	0	0	0	0	0	0	100	100	31	1	5	0	0	0	0	0	0																											
96	두커	155607	5076	0	3	2	10	3	0	10	0	31	1	0	0	20	0	0	0	0	0	0	0	0	0	21	40	0	0	0	0	0	0	0	0	0	41	59	0	0	0	0	0	0	0	0	0	60	99	0	0	0	0	0	0	0	0	0	100	100	0	0	0	0	0	0	0	0	0																											
97	붉은용	155608	5077	0	3	2	10	3	0	10	0	31	1	0	0	20	0	0	0	0	0	0	0	0	0	21	40	0	0	0	0	0	0	0	0	0	41	59	0	0	0	0	0	0	0	0	0	60	99	51	2	100	0	0	0	0	0	0	100	100	15	1	5	0	0	0	0	0	0																											
98	포포리코	155609	5078	0	3	2	10	3	0	10	0	31	1	2	0	20	0	0	0	0	0	0	0	0	0	21	40	0	0	0	0	0	0	0	0	0	41	59	0	0	0	0	0	0	0	0	0	60	99	32	1	5	0	0	0	0	0	0	100	100	44	5	200	0	0	0	0	0	0																											
99	초비	155610	5079	0	3	2	10	3	0	10	0	31	1	0	0	20	0	0	0	0	0	0	0	0	0	21	40	0	0	0	0	0	0	0	0	0	41	59	0	0	0	0	0	0	0	0	0	60	99	44	5	50	0	0	0	0	0	0	100	100	15	1	5	0	0	0	0	0	0																											
100	아브라하	155615	5080	0	3	2	10	3	0	10	0	31	1	0	0	20	0	0	0	0	0	0	0	0	0	21	40	0	0	0	0	0	0	0	0	0	41	59	0	0	0	0	0	0	0	0	0	60	99	45	5	50	0	0	0	0	0	0	100	100	41	1	5	0	0	0	0	0	0																											
101	샤포리	155616	5081	0	3	2	10	3	0	10	0	31	1	0	0	20	0	0	0	0	0	0	0	0	0	21	40	0	0	0	0	0	0	0	0	0	41	59	0	0	0	0	0	0	0	0	0	60	99	0	0	0	0	0	0	0	0	0	100	100	0	0	0	0	0	0	0	0	0																											
102	검정버찌드래곤	158449	5082	0	3	2	10	3	0	10	0	0	1	2	0	20	0	0	0	0	0	0	0	0	0	21	40	0	0	0	0	0	0	0	0	0	41	59	0	0	0	0	0	0	0	0	0	60	99	0	0	0	0	0	0	0	0	0	100	100	41	1	5	0	0	0	0	0	0																											
103	희귀한검정버찌드래곤	158459	5083	0	3	2	10	3	0	10	0	31	1	2	0	20	0	0	0	0	0	0	0	0	0	21	40	0	0	0	0	0	0	0	0	0	41	59	0	0	0	0	0	0	0	0	0	60	99	30	1	100	42	2	50	0	0	0	100	100	60	1	10	45	5	150	31	5	150																											
104	꼬꼬마눈사람(이벤트)	158902	5084	0	3	2	10	3	0	10	0	0	0	0	0	20	0	0	0	0	0	0	0	0	0	21	40	0	0	0	0	0	0	0	0	0	41	59	0	0	0	0	0	0	0	0	0	60	99	0	0	0	0	0	0	0	0	0	100	100	0	0	0	0	0	0	0	0	0																											
105	행운의펫	159974	5094	0	3	2	10	3	0	10	0	31	0	0	0	20	0	0	0	0	0	0	0	0	0	21	40	0	0	0	0	0	0	0	0	0	41	59	0	0	0	0	0	0	0	0	0	60	99	42	2	100	44	5	100	0	0	0	100	100	31	5	100	32	1	5	45	5	100																											
//팻 랭크업(301~500)																																																																																																
//1차(301~400)																																																																																																
301	시베리안허스키	158184	5013	0	3	2	10	3	0	10	0	0	0	0	0	20	0	0	0	0	0	0	0	0	0	21	40	0	0	0	0	0	0	0	0	0	41	59	0	0	0	0	0	0	0	0	0	60	99	30	1	50	0	0	0	0	0	0	100	100	30	1	70	0	0	0	0	0	0																											
302	검은날개박쥐	158181	5010	0	3	2	10	3	0	10	0	0	1	1	0	20	0	0	0	0	0	0	0	0	0	21	40	0	0	0	0	0	0	0	0	0	41	59	0	0	0	0	0	0	0	0	0	60	99	35	1	15	0	0	0	0	0	0	100	100	35	1	20	0	0	0	0	0	0																											
303	자이언트팬더	158208	5028	0	3	2	10	3	0	10	0	0	0	0	0	20	0	0	0	0	0	0	0	0	0	21	40	0	0	0	0	0	0	0	0	0	41	59	0	0	0	0	0	0	0	0	0	60	99	51	2	70	0	0	0	0	0	0	100	100	51	2	75	0	0	0	0	0	0																											
304	백호	158247	5046	0	3	2	10	3	0	10	0	0	0	0	0	20	0	0	0	0	0	0	0	0	0	21	40	0	0	0	0	0	0	0	0	0	41	59	0	0	0	0	0	0	0	0	0	60	99	30	1	50	0	0	0	0	0	0	100	100	30	1	100	0	0	0	0	0	0																											
305	검정트링겔고양이	158174	5003	0	3	2	10	3	0	10	0	0	0	0	0	20	0	0	0	0	0	0	0	0	0	21	40	0	0	0	0	0	0	0	0	0	41	59	0	0	0	0	0	0	0	0	0	60	99	42	2	75	0	0	0	0	0	0	100	100	42	2	200	0	0	0	0	0	0																											
306	리자드맨	158195	5024	0	3	2	10	3	0	10	0	0	0	0	0	20	0	0	0	0	0	0	0	0	0	21	40	0	0	0	0	0	0	0	0	0	41	59	0	0	0	0	0	0	0	0	0	60	99	31	5	300	0	0	0	0	0	0	100	100	31	5	400	0	0	0	0	0	0																											
//2차(401~450)																																																																																																
401	도베르만	158185	5014	5	3	2	10	3	0	10	0	0	0	0	0	20	0	0	0	0	0	0	0	0	0	21	40	0	0	0	0	0	0	0	0	0	41	59	0	0	0	0	0	0	0	0	0	60	99	42	2	80	0	0	0	0	0	0	100	100	42	2	150	0	0	0	0	0	0																											
402	윌베리그독수리	158193	5022	5	3	2	10	3	0	10	0	0	1	2	0	20	0	0	0	0	0	0	0	0	0	21	40	0	0	0	0	0	0	0	0	0	41	59	0	0	0	0	0	0	0	0	0	60	99	14	1	5	0	0	0	0	0	0	100	100	14	1	10	0	0	0	0	0	0																											
//403	None	0	0	5	3	2	10	3	0	10	0	0	0	0	0	20	0	0	0	0	0	0	0	0	0	21	40	0	0	0	0	0	0	0	0	0	41	59	0	0	0	0	0	0	0	0	0	60	99	51	2	70	0	0	0	0	0	0	100	100	51	2	75	0	0	0	0	0	0																											
//3차(451~480)																																																																																																
//451	None	0	0	6	3	2	10	3	0	10	0	0	0	0	0	20	0	0	0	0	0	0	0	0	0	21	40	0	0	0	0	0	0	0	0	0	41	59	0	0	0	0	0	0	0	0	0	60	99	30	1	50	0	0	0	0	0	0	100	100	30	1	70	0	0	0	0	0	0																											
//452	None	0	0	6	3	2	10	3	0	10	0	0	1	1	0	20	0	0	0	0	0	0	0	0	0	21	40	0	0	0	0	0	0	0	0	0	41	59	0	0	0	0	0	0	0	0	0	60	99	35	1	15	0	0	0	0	0	0	100	100	35	1	20	0	0	0	0	0	0																											
//453	None	0	0	6	3	2	10	3	0	10	0	0	0	0	0	20	0	0	0	0	0	0	0	0	0	21	40	0	0	0	0	0	0	0	0	0	41	59	0	0	0	0	0	0	0	0	0	60	99	51	2	70	0	0	0	0	0	0	100	100	51	2	75	0	0	0	0	0	0																											
//4차(481~500)																																																																																																
//481	None	0	0	7	3	2	10	3	0	10	0	0	0	0	0	20	0	0	0	0	0	0	0	0	0	21	40	0	0	0	0	0	0	0	0	0	41	59	0	0	0	0	0	0	0	0	0	60	99	30	1	50	0	0	0	0	0	0	100	100	30	1	70	0	0	0	0	0	0																											
//482	None	0	0	7	3	2	10	3	0	10	0	0	1	1	0	20	0	0	0	0	0	0	0	0	0	21	40	0	0	0	0	0	0	0	0	0	41	59	0	0	0	0	0	0	0	0	0	60	99	35	1	15	0	0	0	0	0	0	100	100	35	1	20	0	0	0	0	0	0																											
//483	None	0	0	7	3	2	10	3	0	10	0	0	0	0	0	20	0	0	0	0	0	0	0	0	0	21	40	0	0	0	0	0	0	0	0	0	41	59	0	0	0	0	0	0	0	0	0	60	99	51	2	70	0	0	0	0	0	0	100	100	51	2	75	0	0	0	0	0	0																											
//중국펫업그레이드(501~600)																																																																																																
501	버찌드래곤_1	155601	5020	0	3	2	10	3	0	10	0	31	1	2	0	20	0	0	0	0	0	0	0	0	0	21	40	0	0	0	0	0	0	0	0	0	41	59	0	0	0	0	0	0	0	0	0	60	99	56	5	20	0	0	0	0	0	0	100	100	60	1	55	0	0	0	0	0	0																											
502	버찌드래곤_2	155602	5020	0	3	2	10	3	0	10	0	31	1	2	0	20	0	0	0	0	0	0	0	0	0	21	40	0	0	0	0	0	0	0	0	0	41	59	0	0	0	0	0	0	0	0	0	60	99	56	5	30	0	0	0	0	0	0	100	100	60	1	60	0	0	0	0	0	0																											
503	버찌드래곤_3	155603	5020	0	3	2	10	3	0	10	0	31	1	2	0	20	0	0	0	0	0	0	0	0	0	21	40	0	0	0	0	0	0	0	0	0	41	59	0	0	0	0	0	0	0	0	0	60	99	56	5	40	0	0	0	0	0	0	100	100	60	1	65	0	0	0	0	0	0																											
504	버찌드래곤_4	155604	5020	0	3	2	10	3	0	10	0	31	1	2	0	20	0	0	0	0	0	0	0	0	0	21	40	0	0	0	0	0	0	0	0	0	41	59	0	0	0	0	0	0	0	0	0	60	99	56	5	80	0	0	0	0	0	0	100	100	60	1	80	0	0	0	0	0	0																											
505	헬하운드_1	155611	5036	0	3	2	10	3	0	10	0	31	0	0	0	20	0	0	0	0	0	0	0	0	0	21	40	0	0	0	0	0	0	0	0	0	41	59	0	0	0	0	0	0	0	0	0	60	99	61	1	5	0	0	0	0	0	0	100	100	31	5	180	0	0	0	0	0	0																											
506	헬하운드_2	155612	5036	0	3	2	10	3	0	10	0	31	0	0	0	20	0	0	0	0	0	0	0	0	0	21	40	0	0	0	0	0	0	0	0	0	41	59	0	0	0	0	0	0	0	0	0	60	99	61	1	6	0	0	0	0	0	0	100	100	31	5	200	0	0	0	0	0	0																											
507	헬하운드_3	155613	5036	0	3	2	10	3	0	10	0	31	0	0	0	20	0	0	0	0	0	0	0	0	0	21	40	0	0	0	0	0	0	0	0	0	41	59	0	0	0	0	0	0	0	0	0	60	99	61	1	6	0	0	0	0	0	0	100	100	31	5	250	0	0	0	0	0	0																											
508	헬하운드_4	155614	5036	0	3	2	10	3	0	10	0	31	0	0	0	20	0	0	0	0	0	0	0	0	0	21	40	0	0	0	0	0	0	0	0	0	41	59	0	0	0	0	0	0	0	0	0	60	99	61	1	7	0	0	0	0	0	0	100	100	31	5	300	0	0	0	0	0	0																											
509	펜더(중국_질주의팬더)_1	155621	5030	0	3	2	10	3	0	10	0	31	0	0	0	20	0	0	0	0	0	0	0	0	0	21	40	0	0	0	0	0	0	0	0	0	41	59	0	0	0	0	0	0	0	0	0	60	99	32	1	8	0	0	0	0	0	0	100	100	28	2	220	1	1	26	0	0	0																											
510	펜더(중국_질주의팬더)_2	155622	5030	0	3	2	10	3	0	10	0	31	0	0	0	20	0	0	0	0	0	0	0	0	0	21	40	0	0	0	0	0	0	0	0	0	41	59	0	0	0	0	0	0	0	0	0	60	99	32	1	10	0	0	0	0	0	0	100	100	28	2	250	1	1	27	0	0	0																											
511	펜더(중국_질주의팬더)_3	155623	5030	0	3	2	10	3	0	10	0	31	0	0	0	20	0	0	0	0	0	0	0	0	0	21	40	0	0	0	0	0	0	0	0	0	41	59	0	0	0	0	0	0	0	0	0	60	99	32	1	15	0	0	0	0	0	0	100	100	28	2	270	1	1	28	0	0	0																											
512	펜더(중국_질주의팬더)_4	155624	5030	0	3	2	10	3	0	10	0	31	0	0	0	20	0	0	0	0	0	0	0	0	0	21	40	0	0	0	0	0	0	0	0	0	41	59	0	0	0	0	0	0	0	0	0	60	99	32	1	20	0	0	0	0	0	0	100	100	28	2	300	1	1	30	0	0	0																											
513	복어_1	155631	5021	0	3	2	10	3	0	10	0	31	1	2	0	20	0	0	0	0	0	0	0	0	0	21	40	0	0	0	0	0	0	0	0	0	41	59	0	0	0	0	0	0	0	0	0	60	99	28	2	120	0	0	0	0	0	0	100	100	52	5	310	0	0	0	0	0	0																											
514	복어_2	155632	5021	0	3	2	10	3	0	10	0	31	1	2	0	20	0	0	0	0	0	0	0	0	0	21	40	0	0	0	0	0	0	0	0	0	41	59	0	0	0	0	0	0	0	0	0	60	99	28	2	150	0	0	0	0	0	0	100	100	52	5	320	0	0	0	0	0	0																											
515	복어_3	155633	5021	0	3	2	10	3	0	10	0	31	1	2	0	20	0	0	0	0	0	0	0	0	0	21	40	0	0	0	0	0	0	0	0	0	41	59	0	0	0	0	0	0	0	0	0	60	99	28	2	150	0	0	0	0	0	0	100	100	52	5	330	0	0	0	0	0	0																											
516	복어_4	155634	5021	0	3	2	10	3	0	10	0	31	1	2	0	20	0	0	0	0	0	0	0	0	0	21	40	0	0	0	0	0	0	0	0	0	41	59	0	0	0	0	0	0	0	0	0	60	99	28	2	200	0	0	0	0	0	0	100	100	52	5	400	0	0	0	0	0	0																											
517	리자드맨_1	155641	5024	0	3	2	10	3	0	10	0	31	0	0	0	20	0	0	0	0	0	0	0	0	0	21	40	0	0	0	0	0	0	0	0	0	41	59	0	0	0	0	0	0	0	0	0	60	99	31	5	80	0	0	0	0	0	0	100	100	31	5	230	0	0	0	0	0	0																											
518	리자드맨_2	155642	5024	0	3	2	10	3	0	10	0	31	0	0	0	20	0	0	0	0	0	0	0	0	0	21	40	0	0	0	0	0	0	0	0	0	41	59	0	0	0	0	0	0	0	0	0	60	99	31	5	100	0	0	0	0	0	0	100	100	31	5	250	0	0	0	0	0	0																											
519	리자드맨_3	155643	5024	0	3	2	10	3	0	10	0	31	0	0	0	20	0	0	0	0	0	0	0	0	0	21	40	0	0	0	0	0	0	0	0	0	41	59	0	0	0	0	0	0	0	0	0	60	99	31	5	150	0	0	0	0	0	0	100	100	31	5	280	0	0	0	0	0	0																											
520	리자드맨_4	155644	5024	0	3	2	10	3	0	10	0	31	0	0	0	20	0	0	0	0	0	0	0	0	0	21	40	0	0	0	0	0	0	0	0	0	41	59	0	0	0	0	0	0	0	0	0	60	99	31	5	200	0	0	0	0	0	0	100	100	31	5	350	0	0	0	0	0	0																											
521	팽귄_1	155651	5019	0	3	2	10	3	0	10	0	31	0	0	0	20	0	0	0	0	0	0	0	0	0	21	40	0	0	0	0	0	0	0	0	0	41	59	0	0	0	0	0	0	0	0	0	60	99	50	1	100	0	0	0	0	0	0	100	100	50	1	320	0	0	0	0	0	0																											
522	팽귄_2	155652	5019	0	3	2	10	3	0	10	0	31	0	0	0	20	0	0	0	0	0	0	0	0	0	21	40	0	0	0	0	0	0	0	0	0	41	59	0	0	0	0	0	0	0	0	0	60	99	50	1	120	0	0	0	0	0	0	100	100	50	1	340	0	0	0	0	0	0																											
523	팽귄_3	155653	5019	0	3	2	10	3	0	10	0	31	0	0	0	20	0	0	0	0	0	0	0	0	0	21	40	0	0	0	0	0	0	0	0	0	41	59	0	0	0	0	0	0	0	0	0	60	99	50	1	140	0	0	0	0	0	0	100	100	50	1	360	0	0	0	0	0	0																											
524	팽귄_4	155654	5019	0	3	2	10	3	0	10	0	31	0	0	0	20	0	0	0	0	0	0	0	0	0	21	40	0	0	0	0	0	0	0	0	0	41	59	0	0	0	0	0	0	0	0	0	60	99	50	1	200	0	0	0	0	0	0	100	100	50	1	400	0	0	0	0	0	0																											
525	슈퍼고스트(중국한정판매용)_1	155661	5011	0	3	2	10	3	0	10	0	31	1	2	0	20	0	0	0	0	0	0	0	0	0	21	40	0	0	0	0	0	0	0	0	0	41	59	0	0	0	0	0	0	0	0	0	60	99	28	1	620	1	2	110	0	0	0	100	100	24	1	31	0	0	0	0	0	0																											
526	슈퍼고스트(중국한정판매용)_2	155662	5011	0	3	2	10	3	0	10	0	31	1	2	0	20	0	0	0	0	0	0	0	0	0	21	40	0	0	0	0	0	0	0	0	0	41	59	0	0	0	0	0	0	0	0	0	60	99	28	1	630	1	2	120	0	0	0	100	100	24	1	32	0	0	0	0	0	0																											
527	슈퍼고스트(중국한정판매용)_3	155663	5011	0	3	2	10	3	0	10	0	31	1	2	0	20	0	0	0	0	0	0	0	0	0	21	40	0	0	0	0	0	0	0	0	0	41	59	0	0	0	0	0	0	0	0	0	60	99	28	1	640	1	2	130	0	0	0	100	100	24	1	33	0	0	0	0	0	0																											
528	슈퍼고스트(중국한정판매용)_4	155664	5011	0	3	2	10	3	0	10	0	31	1	2	0	20	0	0	0	0	0	0	0	0	0	21	40	0	0	0	0	0	0	0	0	0	41	59	0	0	0	0	0	0	0	0	0	60	99	28	1	700	1	2	150	0	0	0	100	100	24	1	35	0	0	0	0	0	0																											
529	슈퍼도베르만(중국한정판매용)_1	155671	5014	0	3	2	10	3	0	10	0	31	0	0	0	20	0	0	0	0	0	0	0	0	0	21	40	0	0	0	0	0	0	0	0	0	41	59	0	0	0	0	0	0	0	0	0	60	99	1	2	110	0	0	0	0	0	0	100	100	42	1	51	0	0	0	0	0	0																											
530	슈퍼도베르만(중국한정판매용)_2	155672	5014	0	3	2	10	3	0	10	0	31	0	0	0	20	0	0	0	0	0	0	0	0	0	21	40	0	0	0	0	0	0	0	0	0	41	59	0	0	0	0	0	0	0	0	0	60	99	1	2	120	0	0	0	0	0	0	100	100	42	1	52	0	0	0	0	0	0																											
531	슈퍼도베르만(중국한정판매용)_3	155673	5014	0	3	2	10	3	0	10	0	31	0	0	0	20	0	0	0	0	0	0	0	0	0	21	40	0	0	0	0	0	0	0	0	0	41	59	0	0	0	0	0	0	0	0	0	60	99	1	2	130	0	0	0	0	0	0	100	100	42	1	53	0	0	0	0	0	0																											
532	슈퍼도베르만(중국한정판매용)_4	155674	5014	0	3	2	10	3	0	10	0	31	0	0	0	20	0	0	0	0	0	0	0	0	0	21	40	0	0	0	0	0	0	0	0	0	41	59	0	0	0	0	0	0	0	0	0	60	99	1	2	150	0	0	0	0	0	0	100	100	42	1	55	0	0	0	0	0	0																											
533	에텔레인오색나비_1	155681	5017	0	3	2	10	3	0	10	0	31	1	1	0	20	0	0	0	0	0	0	0	0	0	21	40	0	0	0	0	0	0	0	0	0	41	59	0	0	0	0	0	0	0	0	0	60	99	35	1	17	0	0	0	0	0	0	100	100	35	1	27	0	0	0	0	0	0																											
534	에텔레인오색나비_2	155682	5017	0	3	2	10	3	0	10	0	31	1	1	0	20	0	0	0	0	0	0	0	0	0	21	40	0	0	0	0	0	0	0	0	0	41	59	0	0	0	0	0	0	0	0	0	60	99	35	1	18	0	0	0	0	0	0	100	100	35	1	28	0	0	0	0	0	0																											
535	에텔레인오색나비_3	155683	5017	0	3	2	10	3	0	10	0	31	1	1	0	20	0	0	0	0	0	0	0	0	0	21	40	0	0	0	0	0	0	0	0	0	41	59	0	0	0	0	0	0	0	0	0	60	99	35	1	19	0	0	0	0	0	0	100	100	35	1	29	0	0	0	0	0	0																											
536	에텔레인오색나비_4	155684	5017	0	3	2	10	3	0	10	0	31	1	1	0	20	0	0	0	0	0	0	0	0	0	21	40	0	0	0	0	0	0	0	0	0	41	59	0	0	0	0	0	0	0	0	0	60	99	35	1	20	0	0	0	0	0	0	100	100	35	1	30	0	0	0	0	0	0																											
//일본몬트샤인보상펫추가																																																																																																
537	검정몬트샤인고양이_일본몬트샤인이벤트보상	158232	5070	0	3	2	10	3	0	10	0	31	1	0	0	20	0	0	0	0	0	0	0	0	0	21	40	0	0	0	0	0	0	0	0	0	41	59	0	0	0	0	0	0	0	0	0	60	99	14	2	100	0	0	0	0	0	0	100	100	14	2	100	0	0	0	0	0	0																											
538	일본복권보상_헬하운드	47303	5036	0	3	2	10	3	0	10	0	31	0	0	0	20	0	0	0	0	0	0	0	0	0	21	40	0	0	0	0	0	0	0	0	0	41	59	0	0	0	0	0	0	0	0	0	60	99	41	5	50	0	0	0	0	0	0	100	100	93	2	150	0	0	0	0	0	0																											
//중국매체용펫추가																																																																																																
539	팬더	155578	5018	0	3	2	10	3	0	10	0	0	0	0	0	20	0	0	0	0	0	0	0	0	0	21	40	0	0	0	0	0	0	0	0	0	41	59	0	0	0	0	0	0	0	0	0	60	99	51	2	30	0	0	0	0	0	0	100	100	51	2	50	0	0	0	0	0	0																											
540	스케이트팽귄_국내(무료이벤트)	155579	5047	0	3	2	10	3	0	10	0	0	0	0	0	20	0	0	0	0	0	0	0	0	0	21	40	0	0	0	0	0	0	0	0	0	41	59	0	0	0	0	0	0	0	0	0	60	99	0	0	0	0	0	0	0	0	0	100	100	0	0	0	0	0	0	0	0	0																											
541	항아리여우	155580	5060	0	3	2	10	3	0	10	0	0	0	0	0	20	0	0	0	0	0	0	0	0	0	21	40	0	0	0	0	0	0	0	0	0	41	59	0	0	0	0	0	0	0	0	0	60	99	0	0	0	0	0	0	0	0	0	100	100	0	0	0	0	0	0	0	0	0																											
542	위풍당당호랑이_국내(황호)	155581	5045	0	3	2	10	3	0	10	0	31	0	0	0	20	0	0	0	0	0	0	0	0	0	21	40	0	0	0	0	0	0	0	0	0	41	59	0	0	0	0	0	0	0	0	0	60	99	47	2	50	35	1	15	0	0	0	100	100	47	2	100	30	1	100	45	5	100																											
543	복어	155582	5021	0	3	2	10	3	0	10	0	0	1	2	0	20	0	0	0	0	0	0	0	0	0	21	40	0	0	0	0	0	0	0	0	0	41	59	0	0	0	0	0	0	0	0	0	60	99	43	5	50	0	0	0	0	0	0	100	100	42	2	150	0	0	0	0	0	0																											
544	고스트	155583	5011	0	3	2	10	3	0	10	0	0	1	2	0	20	0	0	0	0	0	0	0	0	0	21	40	0	0	0	0	0	0	0	0	0	41	59	0	0	0	0	0	0	0	0	0	60	99	43	5	50	0	0	0	0	0	0	100	100	42	2	150	0	0	0	0	0	0																											
545	검은날개박쥐	155584	5010	0	3	2	10	3	0	10	0	0	1	1	0	20	0	0	0	0	0	0	0	0	0	21	40	0	0	0	0	0	0	0	0	0	41	59	0	0	0	0	0	0	0	0	0	60	99	39	1	20	0	0	0	0	0	0	100	100	39	1	40	0	0	0	0	0	0																											
546	천하무적호랑이_국내(백호)	155585	5046	0	3	2	10	3	0	10	0	31	0	0	0	20	0	0	0	0	0	0	0	0	0	21	40	0	0	0	0	0	0	0	0	0	41	59	0	0	0	0	0	0	0	0	0	60	99	47	2	50	35	1	15	0	0	0	100	100	47	2	100	30	1	100	45	5	100																											
547	에텔레인오색나비	155586	5017	0	3	2	10	3	0	10	0	0	1	1	0	20	0	0	0	0	0	0	0	0	0	21	40	0	0	0	0	0	0	0	0	0	41	59	0	0	0	0	0	0	0	0	0	60	99	35	1	5	0	0	0	0	0	0	100	100	35	1	10	0	0	0	0	0	0																											
548	흰색보름달토끼	155587	5027	0	3	2	10	3	0	10	0	0	0	0	0	20	0	0	0	0	0	0	0	0	0	21	40	0	0	0	0	0	0	0	0	0	41	59	0	0	0	0	0	0	0	0	0	60	99	40	1	20	0	0	0	0	0	0	100	100	40	1	40	0	0	0	0	0	0																											
549	닥스훈트	155588	5016	0	3	2	10	3	0	10	0	0	0	0	0	20	0	0	0	0	0	0	0	0	0	21	40	0	0	0	0	0	0	0	0	0	41	59	0	0	0	0	0	0	0	0	0	60	99	30	1	20	0	0	0	0	0	0	100	100	30	1	40	0	0	0	0	0	0																											
550	스케이트팽귄_중국(영구용)	158400	5047	0	3	2	10	3	0	10	0	0	0	0	0	20	0	0	0	0	0	0	0	0	0	21	40	0	0	0	0	0	0	0	0	0	41	59	0	0	0	0	0	0	0	0	0	60	99	28	1	200	0	0	0	0	0	0	100	100	28	1	400	0	0	0	0	0	0																											
//국내 1301 신규 팻																																																																																																
551	항아리여우(국내용)	155599	5060	0	3	2	10	3	0	10	0	0	1	0	0	20	0	0	0	0	0	0	0	0	0	21	40	0	0	0	0	0	0	0	0	0	41	59	0	0	0	0	0	0	0	0	0	60	99	31	5	100	0	0	0	0	0	0	100	100	31	5	160	0	0	0	0	0	0																											
552	블루드래곤(국내용)	155620	5073	0	3	2	10	3	0	10	0	0	1	2	0	20	0	0	0	0	0	0	0	0	0	21	40	0	0	0	0	0	0	0	0	0	41	59	0	0	0	0	0	0	0	0	0	60	99	36	1	15	0	0	0	0	0	0	100	100	36	1	20	0	0	0	0	0	0																											
553	두기(국내용)	155605	5074	0	3	2	10	3	0	10	0	0	1	0	0	20	0	0	0	0	0	0	0	0	0	21	40	0	0	0	0	0	0	0	0	0	41	59	0	0	0	0	0	0	0	0	0	60	99	40	1	50	0	0	0	0	0	0	100	100	40	1	70	0	0	0	0	0	0																											
554	초비(국내용)	155610	5079	0	3	2	10	3	0	10	0	0	1	0	0	20	0	0	0	0	0	0	0	0	0	21	40	0	0	0	0	0	0	0	0	0	41	59	0	0	0	0	0	0	0	0	0	60	99	28	1	1500	0	0	0	0	0	0	100	100	28	1	2000	0	0	0	0	0	0																											
//비밀의방 신규펫																																																																																																
555	꼭두각시쉬바르츠(어둠)_흡혈	40748	5085	0	3	2	10	3	0	10	0	31	1	0	0	20	0	0	0	0	0	0	0	0	0	21	40	0	0	0	0	0	0	0	0	0	41	59	0	0	0	0	0	0	0	0	0	60	99	30	1	100	42	2	50	0	0	0	100	100	60	1	10	99	5	30	31	5	150																											
556	꼭두각시쉬바르츠(불)_데감	40748	5086	0	3	2	10	3	0	10	0	31	1	0	0	20	0	0	0	0	0	0	0	0	0	21	40	0	0	0	0	0	0	0	0	0	41	59	0	0	0	0	0	0	0	0	0	60	99	30	1	100	42	2	50	0	0	0	100	100	60	1	10	51	5	50	31	5	150																											
557	꼭두각시쉬바르츠(대지)_데반	40748	5087	0	3	2	10	3	0	10	0	31	1	0	0	20	0	0	0	0	0	0	0	0	0	21	40	0	0	0	0	0	0	0	0	0	41	59	0	0	0	0	0	0	0	0	0	60	99	30	1	100	42	2	50	0	0	0	100	100	60	1	10	43	5	60	31	5	150																											
558	꼭두각시쉬바르츠(물)_모저	40748	5088	0	3	2	10	3	0	10	0	31	1	0	0	20	0	0	0	0	0	0	0	0	0	21	40	0	0	0	0	0	0	0	0	0	41	59	0	0	0	0	0	0	0	0	0	60	99	30	1	100	42	2	50	0	0	0	100	100	60	1	10	36	1	20	31	5	150																											
559	꼭두각시쉬바르츠(바람)_크확	40748	5089	0	3	2	10	3	0	10	0	31	1	0	0	20	0	0	0	0	0	0	0	0	0	21	40	0	0	0	0	0	0	0	0	0	41	59	0	0	0	0	0	0	0	0	0	60	99	30	1	100	42	2	50	0	0	0	100	100	60	1	10	41	5	30	31	5	150																											
560	셀	155655	5090	0	3	2	10	3	0	10	0	31	1	0	0	20	0	0	0	0	0	0	0	0	0	21	40	0	0	0	0	0	0	0	0	0	41	59	0	0	0	0	0	0	0	0	0	60	99	0	0	0	0	0	0	0	0	0	100	100	0	0	0	0	0	0	0	0	0																											
561	성장중인셀	155656	5090	0	3	2	10	3	0	10	0	31	1	0	0	20	0	0	0	0	0	0	0	0	0	21	40	0	0	0	0	0	0	0	0	0	41	59	0	0	0	0	0	0	0	0	0	60	99	14	2	50	0	0	0	0	0	0	100	100	0	0	0	0	0	0	0	0	0																											
562	진화중인셀	155657	5090	0	3	2	10	3	0	10	0	31	1	0	0	20	0	0	0	0	0	0	0	0	0	21	40	0	0	0	0	0	0	0	0	0	41	59	0	0	0	0	0	0	0	0	0	60	99	14	2	50	0	0	0	0	0	0	100	100	0	0	0	0	0	0	0	0	0																											
563	셀린	155665	5091	0	3	2	10	3	0	10	0	31	1	0	0	20	0	0	0	0	0	0	0	0	0	21	40	0	0	0	0	0	0	0	0	0	41	59	0	0	0	0	0	0	0	0	0	60	99	14	2	50	0	0	0	0	0	0	100	100	0	0	0	0	0	0	0	0	0																											
564	성장중인셀린	155666	5091	0	3	2	10	3	0	10	0	31	1	0	0	20	0	0	0	0	0	0	0	0	0	21	40	0	0	0	0	0	0	0	0	0	41	59	0	0	0	0	0	0	0	0	0	60	99	14	2	50	0	0	0	0	0	0	100	100	42	2	50	0	0	0	0	0	0																											
565	진화중인셀린	155667	5091	0	3	2	10	3	0	10	0	31	1	0	0	20	0	0	0	0	0	0	0	0	0	21	40	0	0	0	0	0	0	0	0	0	41	59	0	0	0	0	0	0	0	0	0	60	99	14	2	100	0	0	0	0	0	0	100	100	42	2	50	0	0	0	0	0	0																											
566	세오스	155675	5092	0	3	2	10	3	0	10	0	31	1	0	0	20	0	0	0	0	0	0	0	0	0	21	40	0	0	0	0	0	0	0	0	0	41	59	0	0	0	0	0	0	0	0	0	60	99	14	2	100	0	0	0	0	0	0	100	100	42	2	100	0	0	0	0	0	0																											
//국내 2014년 2월 복권용 신규 펫																																																																																																
567	골렘1(헬로이드특화)	155645	5012	0	3	4	10	3	0	50	0	31	1	0	0	20	0	0	0	0	0	0	0	0	0	21	40	0	0	0	0	0	0	0	0	0	41	59	0	0	0	0	0	0	0	0	0	60	99	14	2	100	29	1	2000	38	1	80	100	100	40	1	50	43	5	60	93	1	-1000																											
568	골렘2(헬로이드특화)	155646	5012	0	3	4	10	3	0	50	0	31	1	0	0	20	0	0	0	0	0	0	0	0	0	21	40	0	0	0	0	0	0	0	0	0	41	59	0	0	0	0	0	0	0	0	0	60	99	14	2	100	29	1	2000	38	1	90	100	100	40	1	60	43	5	60	93	1	-1000																											
569	골렘3(헬로이드특화)	155647	5012	0	3	4	10	3	0	50	0	31	1	0	0	20	0	0	0	0	0	0	0	0	0	21	40	0	0	0	0	0	0	0	0	0	41	59	0	0	0	0	0	0	0	0	0	60	99	14	2	100	29	1	2000	38	1	100	100	100	40	1	70	43	5	60	93	1	-1000																											
570	아브라하1(PVP딜러특화)	155676	5080	0	3	4	10	3	0	50	0	31	1	0	0	20	0	0	0	0	0	0	0	0	0	21	40	0	0	0	0	0	0	0	0	0	41	59	0	0	0	0	0	0	0	0	0	60	99	14	2	100	42	2	50	30	1	50	100	100	35	2	100	31	5	100	36	1	-5																											
571	아브라하2(PVP딜러특화)	155677	5080	0	3	4	10	3	0	50	0	31	1	0	0	20	0	0	0	0	0	0	0	0	0	21	40	0	0	0	0	0	0	0	0	0	41	59	0	0	0	0	0	0	0	0	0	60	99	14	2	100	42	2	50	30	1	80	100	100	35	2	110	31	5	120	36	1	-5																											
572	아브라하3(PVP딜러특화)	155679	5080	0	3	4	10	3	0	50	0	31	1	0	0	20	0	0	0	0	0	0	0	0	0	21	40	0	0	0	0	0	0	0	0	0	41	59	0	0	0	0	0	0	0	0	0	60	99	14	2	100	42	2	50	30	1	100	100	100	35	2	120	31	5	140	36	1	-5																											
//일본 1402 신규 펫																																																																																																
573	아쿠아머메이드	155686	5095	0	3	2	10	3	0	10	0	31	1	0	0	20	0	0	0	0	0	0	0	0	0	21	40	0	0	0	0	0	0	0	0	0	41	59	0	0	0	0	0	0	0	0	0	60	99	14	2	150	41	1	5	0	0	0	100	100	36	1	7	42	2	150	0	0	0																											
//국내 2014년 6월 복권용 신규 펫																																																																																																
574	펠리칸1	43140	5052	0	3	4	10	3	0	50	0	31	1	0	0	20	0	0	0	0	0	0	0	0	0	21	40	0	0	0	0	0	0	0	0	0	41	59	0	0	0	0	0	0	0	0	0	60	99	5	1	30	6	1	30	7	1	30	100	100	3	1	30	4	1	30	36	1	-5																											
575	펠리칸2	43141	5052	0	3	4	10	3	0	50	0	31	1	0	0	20	0	0	0	0	0	0	0	0	0	21	40	0	0	0	0	0	0	0	0	0	41	59	0	0	0	0	0	0	0	0	0	60	99	5	1	50	6	1	50	7	1	50	100	100	3	1	50	4	1	50	36	1	-5																											
576	펠리칸3	43142	5052	0	3	4	10	3	0	50	0	31	1	0	0	20	0	0	0	0	0	0	0	0	0	21	40	0	0	0	0	0	0	0	0	0	41	59	0	0	0	0	0	0	0	0	0	60	99	5	1	70	6	1	70	7	1	70	100	100	3	1	70	4	1	70	36	1	-5																											
577	회전햄스터1	43143	5072	0	3	4	10	3	0	50	0	31	1	0	0	20	0	0	0	0	0	0	0	0	0	21	40	0	0	0	0	0	0	0	0	0	41	59	0	0	0	0	0	0	0	0	0	60	99	47	2	40	42	2	50	41	1	1	100	100	60	1	8	36	1	6	15	1	-5																											
578	회전햄스터2	43144	5072	0	3	4	10	3	0	50	0	31	1	0	0	20	0	0	0	0	0	0	0	0	0	21	40	0	0	0	0	0	0	0	0	0	41	59	0	0	0	0	0	0	0	0	0	60	99	47	2	50	42	2	50	41	1	3	100	100	60	1	10	36	1	7	15	1	-5																											
579	회전햄스터3	43145	5072	0	3	4	10	3	0	50	0	31	1	0	0	20	0	0	0	0	0	0	0	0	0	21	40	0	0	0	0	0	0	0	0	0	41	59	0	0	0	0	0	0	0	0	0	60	99	47	2	60	42	2	50	41	1	5	100	100	60	1	12	36	1	8	15	1	-5																											
//중국 쉬바르츠 강화판 펫																																																																																																
580	꼭두각시쉬바르츠(어둠)_흡혈	40748	5085	0	3	2	10	3	0	10	0	31	1	0	0	20	0	0	0	0	0	0	0	0	0	21	40	0	0	0	0	0	0	0	0	0	41	59	0	0	0	0	0	0	0	0	0	60	99	30	1	100	42	2	50	0	0	0	100	100	60	1	10	99	5	30	31	5	150																											
581	꼭두각시쉬바르츠(불)_데감	40748	5086	0	3	2	10	3	0	10	0	31	1	0	0	20	0	0	0	0	0	0	0	0	0	21	40	0	0	0	0	0	0	0	0	0	41	59	0	0	0	0	0	0	0	0	0	60	99	30	1	100	42	2	50	0	0	0	100	100	60	1	10	51	5	50	31	5	150																											
582	꼭두각시쉬바르츠(대지)_데반	40748	5087	0	3	2	10	3	0	10	0	31	1	0	0	20	0	0	0	0	0	0	0	0	0	21	40	0	0	0	0	0	0	0	0	0	41	59	0	0	0	0	0	0	0	0	0	60	99	30	1	100	42	2	50	0	0	0	100	100	60	1	10	43	5	60	31	5	150																											
583	꼭두각시쉬바르츠(물)_모저	40748	5088	0	3	2	10	3	0	10	0	31	1	0	0	20	0	0	0	0	0	0	0	0	0	21	40	0	0	0	0	0	0	0	0	0	41	59	0	0	0	0	0	0	0	0	0	60	99	30	1	100	42	2	50	0	0	0	100	100	60	1	10	36	1	20	31	5	150																											
584	꼭두각시쉬바르츠(바람)_크확	40748	5089	0	3	2	10	3	0	10	0	31	1	0	0	20	0	0	0	0	0	0	0	0	0	21	40	0	0	0	0	0	0	0	0	0	41	59	0	0	0	0	0	0	0	0	0	60	99	30	1	100	42	2	50	0	0	0	100	100	60	1	10	41	5	30	31	5	150																											
//국내 2014년 크리스마스펫																																																																																																
585	남자친구펫	41705	5096	0	3	2	10	3	0	10	0	31	1	0	0	20	0	0	0	0	0	0	0	0	0	21	40	0	0	0	0	0	0	0	0	0	41	59	0	0	0	0	0	0	0	0	0	60	99	14	2	100	44	5	100	42	2	50	100	100	60	1	10	30	1	100	31	5	150																											
586	여자친구펫	41707	5097	0	3	2	10	3	0	10	0	31	1	0	0	20	0	0	0	0	0	0	0	0	0	21	40	0	0	0	0	0	0	0	0	0	41	59	0	0	0	0	0	0	0	0	0	60	99	14	2	100	44	5	100	42	2	50	100	100	60	1	10	30	1	100	31	5	150																											
587	TheChosenOne	41709	5098	0	3	0	0	3	0	0	0	31	1	0	1	0	14	1	100	1	1	100	74	1	100	1	0	41	1	100	42	2	1000	114	1	100	1	0	51	2	1000	32	1	999	47	1	10000	1	0	57	2	1000	58	2	1000	2	1	100	0	100	15	1	100	35	1	1000	36	1	100																											
//국내 2015년 청양팻																																																																																																
588	설날맞이청양팻_1단계	48100	5099	0	3	2	10	3	0	10	0	31	1	0	0	20	0	0	0	0	0	0	0	0	0	21	40	0	0	0	0	0	0	0	0	0	41	59	0	0	0	0	0	0	0	0	0	60	99	14	2	100	44	5	100	42	2	50	100	100	60	1	10	30	1	100	31	5	150																											
589	설날맞이청양팻_2단계	48401	5100	0	3	2	10	3	0	10	0	31	1	0	0	20	0	0	0	0	0	0	0	0	0	21	40	0	0	0	0	0	0	0	0	0	41	59	0	0	0	0	0	0	0	0	0	60	99	41	1	2	0	0	0	0	0	0	100	100	0	0	0	0	0	0	0	0	0																											
590	설날맞이청양팻_3단계	48402	5101	0	3	2	10	3	0	10	0	31	1	0	0	20	0	0	0	0	0	0	0	0	0	21	40	0	0	0	0	0	0	0	0	0	41	59	0	0	0	0	0	0	0	0	0	60	99	41	1	2	0	0	0	0	0	0	100	100	75	2	-20	0	0	0	0	0	0																											
591	설날맞이청양팻_4단계	48403	5102	0	3	2	10	3	0	10	0	31	1	0	0	20	0	0	0	0	0	0	0	0	0	21	40	0	0	0	0	0	0	0	0	0	41	59	0	0	0	0	0	0	0	0	0	60	99	41	1	2	60	1	5	0	0	0	100	100	75	2	-20	0	0	0	0	0	0																											
592	설날맞이청양팻_5단계	48404	5102	0	3	2	10	3	0	10	0	31	1	0	0	20	0	0	0	0	0	0	0	0	0	21	40	0	0	0	0	0	0	0	0	0	41	59	0	0	0	0	0	0	0	0	0	60	99	41	1	2	60	1	5	0	0	0	100	100	75	2	-20	0	0	0	0	0	0																											
593	커스텀아쿠아머메이드	43585	5103	0	3	2	10	3	0	10	0	31	1	0	0	20	0	0	0	0	0	0	0	0	0	21	40	0	0	0	0	0	0	0	0	0	41	59	0	0	0	0	0	0	0	0	0	60	99	30	1	100	42	2	50	0	0	0	100	100	60	1	10	14	2	100	31	5	150																											
//국내 AC 펫 합성																																																																																																
594	키메라알케믹13호	90180	5083	0	3	2	10	3	0	10	0	31	1	2	0	20	0	0	0	0	0	0	0	0	0	21	40	0	0	0	0	0	0	0	0	0	41	59	0	0	0	0	0	0	0	0	0	60	99	30	1	80	42	2	30	54	1	1	100	100	60	1	8	45	5	120	31	5	120																											
595	설날맞이청양팻_6단계	48409	5105	0	3	2	10	3	0	10	0	31	1	0	0	20	0	0	0	0	0	0	0	0	0	21	40	0	0	0	0	0	0	0	0	0	41	59	0	0	0	0	0	0	0	0	0	60	99	41	1	2	60	1	6	0	0	0	100	100	75	2	-20	0	0	0	0	0	0																											
596	설날맞이청양팻_7단계	48410	5106	0	3	2	10	3	0	10	0	31	1	0	0	20	0	0	0	0	0	0	0	0	0	21	40	0	0	0	0	0	0	0	0	0	41	59	0	0	0	0	0	0	0	0	0	60	99	41	1	3	60	1	6	0	0	0	100	100	75	2	-20	0	0	0	0	0	0																											
597	할로윈펌프킹	41717	5107	0	3	2	10	3	0	10	0	31	1	0	0	20	0	0	0	0	0	0	0	0	0	21	40	0	0	0	0	0	0	0	0	0	41	59	0	0	0	0	0	0	0	0	0	60	99	30	1	100	42	2	50	0	0	0	100	100	60	1	10	14	2	100	31	5	150																											
598	눈꽃소녀메리	41972	5108	0	3	2	10	3	0	10	0	31	1	0	0	20	0	0	0	0	0	0	0	0	0	21	40	0	0	0	0	0	0	0	0	0	41	59	0	0	0	0	0	0	0	0	0	60	99	14	2	130	30	1	100	0	0	0	100	100	15	1	5	31	5	100	42	2	70																											
599	행운의펫(청양5단계외형)	158447	5105	0	3	2	10	3	0	10	0	31	0	0	0	20	0	0	0	0	0	0	0	0	0	21	40	0	0	0	0	0	0	0	0	0	41	59	0	0	0	0	0	0	0	0	0	60	99	42	2	50	44	5	100	0	0	0	100	100	31	5	200	32	1	5	45	5	150																											
//2016 병신년 팻																																																																																																
600	병신년팻_브라운셀_알파	17495	5109	0	3	2	10	3	0	10	0	31	1	0	0	20	0	0	0	0	0	0	0	0	0	21	40	0	0	0	0	0	0	0	0	0	41	59	0	0	0	0	0	0	0	0	0	60	99	28	1	500	40	1	10	60	1	1	100	100	14	2	10	42	2	10	0	0	0																											
601	병신년팻_진화중인붉은원숭이_1	17496	5110	0	3	2	10	3	0	10	0	31	1	0	0	20	0	0	0	0	0	0	0	0	0	21	40	0	0	0	0	0	0	0	0	0	41	59	0	0	0	0	0	0	0	0	0	60	99	28	1	600	40	1	15	60	1	2	100	100	14	2	20	42	2	20	0	0	0																											
602	병신년팻_진화중인붉은원숭이_2	17497	5111	0	3	2	10	3	0	10	0	31	1	0	0	20	0	0	0	0	0	0	0	0	0	21	40	0	0	0	0	0	0	0	0	0	41	59	0	0	0	0	0	0	0	0	0	60	99	28	1	700	40	1	20	60	1	3	100	100	14	2	30	42	2	30	0	0	0																											
603	병신년팻_진화중인붉은원숭이_3	17498	5112	0	3	2	10	3	0	10	0	31	1	0	0	20	0	0	0	0	0	0	0	0	0	21	40	0	0	0	0	0	0	0	0	0	41	59	0	0	0	0	0	0	0	0	0	60	99	28	1	800	40	1	25	60	1	4	100	100	14	2	40	42	2	40	0	0	0																											
604	병신년팻_진화중인붉은원숭이_4	17499	5113	0	3	2	10	3	0	10	0	31	1	0	0	20	0	0	0	0	0	0	0	0	0	21	40	0	0	0	0	0	0	0	0	0	41	59	0	0	0	0	0	0	0	0	0	60	99	28	1	900	40	1	30	60	1	5	100	100	14	2	50	42	2	50	0	0	0																											
605	병신년팻_진화중인붉은원숭이_5	17500	5114	0	3	2	10	3	0	10	0	31	1	0	0	20	0	0	0	0	0	0	0	0	0	21	40	0	0	0	0	0	0	0	0	0	41	59	0	0	0	0	0	0	0	0	0	60	99	28	1	1000	40	1	35	60	1	6	100	100	14	2	60	42	2	60	0	0	0																											
606	병신년팻_진화중인붉은원숭이_6	17501	5115	0	3	2	10	3	0	10	0	31	1	0	0	20	0	0	0	0	0	0	0	0	0	21	40	0	0	0	0	0	0	0	0	0	41	59	0	0	0	0	0	0	0	0	0	60	99	28	1	1100	40	1	40	60	1	7	100	100	14	2	70	42	2	70	0	0	0																											
607	병신년팻_진화된황금원숭이_오메가	17502	5116	0	3	2	10	3	0	10	0	31	1	0	0	20	0	0	0	0	0	0	0	0	0	21	40	0	0	0	0	0	0	0	0	0	41	59	0	0	0	0	0	0	0	0	0	60	99	28	1	1500	40	1	50	60	1	10	100	100	14	2	100	42	2	100	0	0	0																											
