//	랜덤옵션을 사용할 아이템과 해당 아이템에 랜덤옵션을 몇 개 적용할 것인지를 입력하는 스크립트					20063						
//	국가별로 별도관리가 필요한 스크립트											
//	랜덤옵션 사용할 아이템코드 입력	RandomOptionType 스크립트 Index 값 참조 (0 미사용)										
//	아이템코드	랜덤옵션종류인덱스1	랜덤옵션종류인덱스2	랜덤옵션종류인덱스3	랜덤옵션종류인덱스4	랜덤옵션종류인덱스5						
	ItemCode	RandomOptionTypeIndex1	RandomOptionTypeIndex2	RandomOptionTypeIndex3	RandomOptionTypeIndex4	RandomOptionTypeIndex5	FieldEnd					
//	무기											
//	방어구											
//	특수악세서리류											
	2501	102	2101	0	0	0		//	하급소울실드			
	2511	102	2101	0	0	0		//	하급소울암릿			
	2521	102	2101	0	0	0		//	하급소울윙			
	2531	102	2101	1611	0	0		//	하급소울아이(불)			
	2532	102	2101	1711	0	0		//	하급소울아이(물)			
	2533	102	2101	1811	0	0		//	하급소울아이(대지)			
	2534	102	2101	1911	0	0		//	하급소울아이(바람)			
	2535	102	2101	2011	0	0		//	하급소울아이(암흑)			
	3079	102	2101	0	0	0		//	하급소울디펜더			
	3197	102	2101	0	0	0		//	하급_비스트소울			
	2506	104	2105	0	0	0		//	상급소울실드			
	2516	104	2105	0	0	0		//	상급소울암릿			
	2526	104	2105	0	0	0		//	상급소울윙			
	2536	104	2105	1615	0	0		//	상급소울아이(불)			
	2537	104	2105	1715	0	0		//	상급소울아이(물)			
	2538	104	2105	1815	0	0		//	상급소울아이(대지)			
	2539	104	2105	1915	0	0		//	상급소울아이(바람)			
	2540	104	2105	2015	0	0		//	상급소울아이(암흑)			
	3080	104	2105	0	0	0		//	상급소울디펜더			
	3198	104	2105	0	0	0		//	상급_비스트소울			
	40642	105	2107	0	0	0		//	슈제트의상급소울실드			
	40643	105	2107	0	0	0		//	슈제트의상급소울암릿			
	40644	105	2107	0	0	0		//	슈제트의상급소울디펜더			
	40645	105	2107	0	0	0		//	슈제트의상급소울윙			
	40646	105	2107	1509	0	0		//	슈제트의상급소울아이			
	3250	105	2107	0	0	0		//	슈제트의상급비스트소울			
	3157	106	2108	1509	0	0		//	연마된슈제트의상급소울실드			
	3158	106	2108	1509	0	0		//	연마된슈제트의상급소울암릿			
	3159	106	2108	1509	0	0		//	연마된슈제트의상급소울디펜더			
	3160	106	2108	1509	0	0		//	연마된슈제트의상급소울윙			
	3161	106	2108	1509	0	0		//	연마된슈제트의상급소울아이			
	3251	106	2108	1509	0	0		//	연마된슈제트의상급비스트소울			
	3162	107	2108	1510	0	0		//	축복받은슈제트의상급소울실드			
	3163	107	2108	1510	0	0		//	축복받은슈제트의상급소울암릿			
	3164	107	2108	1510	0	0		//	축복받은슈제트의상급소울디펜더			
	3165	107	2108	1510	0	0		//	축복받은슈제트의상급소울윙			
	3166	107	2108	1510	0	0		//	축복받은슈제트의상급소울아이			
	3252	107	2108	1510	0	0		//	축복받은슈제트의상급비스트소울			
	3036	107	2111	1619	0	0		//	기간트암_버_불			
	3037	107	2111	1719	0	0		//	기간트암_버_물			
	3038	107	2111	1919	0	0		//	기간트암_버_바람			
	3039	107	2111	1819	0	0		//	기간트암_버_대지			
	3040	107	2111	2019	0	0		//	기간트암_버_암흑			
	3041	107	2111	1619	0	0		//	드라곤닉크로우_드_불			
	3042	107	2111	1719	0	0		//	드라곤닉크로우_드_물			
	3043	107	2111	1919	0	0		//	드라곤닉크로우_드_바람			
	3044	107	2111	1819	0	0		//	드라곤닉크로우_드_대지			
	3045	107	2111	2019	0	0		//	드라곤닉크로우_드_암흑			
	3046	107	2111	1619	0	0		//	헬론크래셔_발_불			
	3047	107	2111	1719	0	0		//	헬론크래셔_발_물			
	3048	107	2111	1919	0	0		//	헬론크래셔_발_바람			
	3049	107	2111	1819	0	0		//	헬론크래셔_발_대지			
	3050	107	2111	2019	0	0		//	헬론크래셔_발_암흑			
	3051	107	2111	1619	0	0		//	파멸의엠페러_엘_불			
	3052	107	2111	1719	0	0		//	파멸의엠페러_엘_물			
	3053	107	2111	1919	0	0		//	파멸의엠페러_엘_바람			
	3054	107	2111	1819	0	0		//	파멸의엠페러_엘_대지			
	3055	107	2111	2019	0	0		//	파멸의엠페러_엘_암흑			
	3081	107	2111	1619	0	0		//	팬텀실루엣_섀_불			
	3082	107	2111	1719	0	0		//	팬텀실루엣_섀_물			
	3083	107	2111	1919	0	0		//	팬텀실루엣_섀_바람			
	3084	107	2111	1819	0	0		//	팬텀실루엣_섀_대지			
	3085	107	2111	2019	0	0		//	팬텀실루엣_섀_암흑			
	3199	107	2111	1619	0	0		//	크림슨트리거_불			
	3227	107	2111	1719	0	0		//	크림슨트리커_물			
	3228	107	2111	1919	0	0		//	크림슨트리거_바람			
	3229	107	2111	1819	0	0		//	크림슨트리거_대지			
	3230	107	2111	2019	0	0		//	크림슨트리거_암흑			
//	3095	107	2111	1619	0	0		//	기간트암_버_불_일본			
//	3096	107	2111	1719	0	0		//	기간트암_버_물_일본			
//	3097	107	2111	1919	0	0		//	기간트암_버_바람_일본			
//	3098	107	2111	1819	0	0		//	기간트암_버_대지_일본			
//	3099	107	2111	2019	0	0		//	기간트암_버_암흑_일본			
//	3100	107	2111	1619	0	0		//	드라곤닉크로우_드_불_일본			
//	3101	107	2111	1719	0	0		//	드라곤닉크로우_드_물_일본			
//	3102	107	2111	1919	0	0		//	드라곤닉크로우_드_바람_일본			
//	3103	107	2111	1819	0	0		//	드라곤닉크로우_드_대지_일본			
//	3104	107	2111	2019	0	0		//	드라곤닉크로우_드_암흑_일본			
//	3105	107	2111	1619	0	0		//	헬론크래셔_발_불_일본			
//	3106	107	2111	1719	0	0		//	헬론크래셔_발_물_일본			
//	3107	107	2111	1919	0	0		//	헬론크래셔_발_바람_일본			
//	3108	107	2111	1819	0	0		//	헬론크래셔_발_대지_일본			
//	3109	107	2111	2019	0	0		//	헬론크래셔_발_암흑_일본			
//	3110	107	2111	1619	0	0		//	파멸의엠페러_엘_불_일본			
//	3111	107	2111	1719	0	0		//	파멸의엠페러_엘_물_일본			
//	3112	107	2111	1919	0	0		//	파멸의엠페러_엘_바람_일본			
//	3113	107	2111	1819	0	0		//	파멸의엠페러_엘_대지_일본			
//	3114	107	2111	2019	0	0		//	파멸의엠페러_엘_암흑_일본			
//	3126	107	2111	1619	0	0		//	팬텀실루엣_섀_불_일본			
//	3127	107	2111	1719	0	0		//	팬텀실루엣_섀_물_일본			
//	3128	107	2111	1919	0	0		//	팬텀실루엣_섀_바람_일본			
//	3129	107	2111	1819	0	0		//	팬텀실루엣_섀_대지_일본			
//	3130	107	2111	2019	0	0		//	팬텀실루엣_섀_암흑_일본			
//	3254	107	2111	1619	0	0		//	크림슨트리거_불_일본			
//	3255	107	2111	1719	0	0		//	크림슨트리커_물_일본			
//	3256	107	2111	1919	0	0		//	크림슨트리거_바람_일본			
//	3257	107	2111	1819	0	0		//	크림슨트리거_대지_일본			
//	3258	107	2111	2019	0	0		//	크림슨트리거_암흑_일본			
	3118	110	2112	1511	0	0		//	폭한의기간트암			
	3119	110	2112	1511	0	0		//	심연의드라고닉크로우			
	3120	110	2112	1511	0	0		//	통곡의헬론크래셔			
	3121	110	2112	1511	0	0		//	칠흑과파멸의엠펠러			
	3122	110	2112	1511	0	0		//	심판의팬텀실루엣			
	3231	110	2112	1511	0	0		//	현혹의크림슨트리거			
	3167	115	2112	856	703	1318		//	검게뒤틀린매의기간트암			
	3168	115	2112	856	1215	1255		//	검게뒤틀린맹공의기간트암			
	3169	115	2112	856	755	1051		//	검게뒤틀린결의의기간트암			
	3170	115	2112	856	1165	1106		//	검게뒤틀린수호의기간트암			
	3171	115	2112	856	703	1318		//	검게뒤틀린매의드라고닉크로우			
	3172	115	2112	856	1215	1255		//	검게뒤틀린맹공의드라고닉크로우			
	3173	115	2112	856	755	1051		//	검게뒤틀린결의의드라고닉크로우			
	3174	115	2112	856	1165	1106		//	검게뒤틀린수호의드라고닉크로우			
	3175	115	2112	856	703	1318		//	검게뒤틀린매의헬론크래셔			
	3176	115	2112	856	1215	1255		//	검게뒤틀린맹공의헬론크래셔			
	3177	115	2112	856	755	1051		//	검게뒤틀린결의의헬론크래셔			
	3178	115	2112	856	1165	1106		//	검게뒤틀린수호의헬론크래셔			
	3179	115	2112	856	703	1318		//	검게뒤틀린매의파멸의엠페러			
	3180	115	2112	856	1215	1255		//	검게뒤틀린맹공의파멸의엠페러			
	3181	115	2112	856	755	1051		//	검게뒤틀린결의파멸의엠페러			
	3182	115	2112	856	1165	1106		//	검게뒤틀린수호의파멸의엠페러			
	3183	115	2112	856	703	1318		//	검게뒤틀린매의팬텀실루엣			
	3184	115	2112	856	1215	1255		//	검게뒤틀린맹공의팬텀실루엣			
	3185	115	2112	856	755	1051		//	검게뒤틀린결의의팬텀실루엣			
	3186	115	2112	856	1165	1106		//	검게뒤틀린수호의팬텀실루엣			
	3235	115	2112	856	703	1318		//	검게뒤틀린매의크림슨트리거			
	3236	115	2112	856	1215	1255		//	검게뒤틀린맹공의크림슨트리거			
	3237	115	2112	856	755	1051		//	검게뒤틀린결의크림슨트리거			
	3238	115	2112	856	1165	1106		//	검게뒤틀린수호의크림슨트리거			
	3771	115	2112	856	703	1318		//	기간제검게뒤틀린매의기간트암			
	3772	115	2112	856	1215	1255		//	기간제검게뒤틀린맹공의기간트암			
	3773	115	2112	856	755	1051		//	기간제검게뒤틀린결의의기간트암			
	3774	115	2112	856	1165	1106		//	기간제검게뒤틀린수호의기간트암			
	3775	115	2112	856	703	1318		//	기간제검게뒤틀린매의드라고닉크로우			
	3776	115	2112	856	1215	1255		//	기간제검게뒤틀린맹공의드라고닉크로우			
	3777	115	2112	856	755	1051		//	기간제검게뒤틀린결의의드라고닉크로우			
	3778	115	2112	856	1165	1106		//	기간제검게뒤틀린수호의드라고닉크로우			
	3779	115	2112	856	703	1318		//	기간제검게뒤틀린매의헬론크래셔			
	3780	115	2112	856	1215	1255		//	기간제검게뒤틀린맹공의헬론크래셔			
	3781	115	2112	856	755	1051		//	기간제검게뒤틀린결의의헬론크래셔			
	3782	115	2112	856	1165	1106		//	기간제검게뒤틀린수호의헬론크래셔			
	3783	115	2112	856	703	1318		//	기간제검게뒤틀린매의파멸의엠페러			
	3784	115	2112	856	1215	1255		//	기간제검게뒤틀린맹공의파멸의엠페러			
	3785	115	2112	856	755	1051		//	기간제검게뒤틀린결의파멸의엠페러			
	3786	115	2112	856	1165	1106		//	기간제검게뒤틀린수호의파멸의엠페러			
	3787	115	2112	856	703	1318		//	기간제검게뒤틀린매의팬텀실루엣			
	3788	115	2112	856	1215	1255		//	기간제검게뒤틀린맹공의팬텀실루엣			
	3789	115	2112	856	755	1051		//	기간제검게뒤틀린결의의팬텀실루엣			
	3790	115	2112	856	1165	1106		//	기간제검게뒤틀린수호의팬텀실루엣			
	3791	115	2112	856	703	1318		//	기간제검게뒤틀린매의크림슨트리거			
	3792	115	2112	856	1215	1255		//	기간제검게뒤틀린맹공의크림슨트리거			
	3793	115	2112	856	755	1051		//	기간제검게뒤틀린결의크림슨트리거			
	3794	115	2112	856	1165	1106		//	기간제검게뒤틀린수호의크림슨트리거			
	3795	115	2112	856	703	1318		//	기간제검게뒤틀린매의솔리드암			
	3796	115	2112	856	1215	1255		//	기간제검게뒤틀린맹공의솔리드암			
	3797	115	2112	856	755	1051		//	기간제검게뒤틀린결의솔리드암			
	3798	115	2112	856	1165	1106		//	기간제검게뒤틀린수호의솔리드암			
	3865	115	2112	856	703	1318		//	기간제검게뒤틀린매의프로스트네일			
	3866	115	2112	856	1215	1255		//	기간제검게뒤틀린맹공의프로스트네일			
	3867	115	2112	856	755	1051		//	기간제검게뒤틀린결의프로스트네일			
	3868	115	2112	856	1165	1106		//	기간제검게뒤틀린수호의프로스트네일			
	3133	306	2112	806	1210	0		//	이카루스의날개(B)			
	3134	306	2112	806	1210	0		//	페르세우스의날개(D)			
	3135	306	2112	806	1210	0		//	프쉬케의날개(E)			
	3136	306	2112	806	1210	0		//	큐피트의날개(V)			
	3137	306	2112	806	1210	0		//	다이달루스의날개(S)			
	3232	306	2112	806	1210	0		//	벨레로폰의날개			
	3142	406	2112	806	1260	0		//	검은_이카루스의날개(B)			
	3143	406	2112	806	1260	0		//	검은_페르세우스의날개(D)			
	3144	406	2112	806	1260	0		//	검은_검은프쉬케의날개(E)			
	3145	406	2112	806	1260	0		//	검은_큐피트의날개(V)			
	3146	406	2112	806	1260	0		//	검은_다이달루스의날개(S)			
	3187	406	2112	806	1260	0		//	검은_이카루스의날개(B)_기간제			
	3188	406	2112	806	1260	0		//	검은_페르세우스의날개(D)_기간제			
	3189	406	2112	806	1260	0		//	검은_검은프쉬케의날개(E)_기간제			
	3190	406	2112	806	1260	0		//	검은_큐피트의날개(V)_기간제			
	3191	406	2112	806	1260	0		//	검은_다이달루스의날개(S)_기간제			
	3192	406	2112	806	1260	0		//	검은_이카루스의날개(B)_기간제			
	3193	406	2112	806	1260	0		//	검은_페르세우스의날개(D)_기간제			
	3194	406	2112	806	1260	0		//	검은_검은프쉬케의날개(E)_기간제			
	3195	406	2112	806	1260	0		//	검은_큐피트의날개(V)_기간제			
	3196	406	2112	806	1260	0		//	검은_다이달루스의날개(S)_기간제			
	3233	406	2112	806	1260	0		//	검은_벨레로폰의날개			
	3147	506	2112	806	1160	0		//	붉은_이카루스의날개(B)			
	3148	506	2112	806	1160	0		//	붉은_페르세우스의날개(D)			
	3149	506	2112	806	1160	0		//	붉은_프쉬케의날개(E)			
	3150	506	2112	806	1160	0		//	붉은_큐피트의날개(V)			
	3151	506	2112	806	1160	0		//	붉은_다이달루스의날개(S)			
	3152	506	2112	806	1160	0		//	[보상지급용]붉은_이카루스의날개(B)			
	3153	506	2112	806	1160	0		//	[보상지급용]붉은_페르세우스의날개(D)			
	3154	506	2112	806	1160	0		//	[보상지급용]붉은_프쉬케의날개(E)			
	3155	506	2112	806	1160	0		//	[보상지급용]붉은_큐피트의날개(V)			
	3156	506	2112	806	1160	0		//	[보상지급용]붉은_다이달루스의날개(S)			
	3234	506	2112	806	1160	0		//	붉은_벨레로폰의날개			
	3239	2301	2302	806	2303	0		//	이카루스와몽마의날개(B)			
	3240	2301	2302	806	2303	0		//	페르세우스와몽마의날개(D)			
	3241	2301	2302	806	2303	0		//	프쉬케와몽마의날개(E)			
	3242	2301	2302	806	2303	0		//	큐피트와몽마의날개(V)			
	3243	2301	2302	806	2303	0		//	다이달루스와몽마의날개(S)			
	3244	2301	2302	806	2303	0		//	벨레로폰과몽마의날개(M)			
	2028	2304	2305	806	2306	1511		//	불사의날개(B)			
	2029	2304	2305	806	2306	1511		//	불사의날개(D)			
	2030	2304	2305	806	2306	1511		//	불사의날개(V)			
	2031	2304	2305	806	2306	1511		//	불사의날개(E)			
	2032	2304	2305	806	2306	1511		//	불사의날개(S)			
	2033	2304	2305	806	2306	1511		//	불사의날개(M)			
	2034	2304	2305	806	2306	1511		//	불사의날개(H)			
	2035	2304	2305	806	2306	1511		//	불사의날개(W)			
//	3245	311	2103	801	1205	0		//	일본_라이트윙(B)			
//	3246	311	2103	801	1205	0		//	일본_라이트윙(D)			
//	3247	311	2103	801	1205	0		//	일본_라이트윙(E)			
//	3248	311	2103	801	1205	0		//	일본_라이트윙(V)			
//	3249	311	2103	801	1205	0		//	일본_라이트윙(S)			
//	3842	1257	2111	1619	0	0		//	일본점핑_기간트암_버_불			
//	3843	1257	2111	1619	0	0		//	일본점핑_드라곤닉크로우_드_불			
//	3844	1257	2111	1619	0	0		//	일본점핑_팬텀실루엣_섀_불			
//	3845	1257	2111	1619	0	0		//	일본점핑_헬론크래셔_발_불			
//	3846	1257	2111	1619	0	0		//	일본점핑_파멸의엠페러_엘_불			
	3265	111	2601	2701	1623	0		//	폭한의카오스아이(불)			
	3266	111	2601	2701	1723	0		//	폭한의카오스아이(물)			
	3267	111	2601	2701	1923	0		//	폭한의카오스아이(바람)			
	3268	111	2601	2701	1823	0		//	폭한의카오스아이(대지)			
	3269	111	2601	2701	2023	0		//	폭한의카오스아이(암흑)			
	3270	111	2601	2701	1623	0		//	심연의카오스아이(불)			
	3271	111	2601	2701	1723	0		//	심연의카오스아이(물)			
	3272	111	2601	2701	1923	0		//	심연의카오스아이(바람)			
	3273	111	2601	2701	1823	0		//	심연의카오스아이(대지)			
	3274	111	2601	2701	2023	0		//	심연의카오스아이(암흑)			
	3275	111	2601	2701	1623	0		//	통곡의카오스아이(불)			
	3276	111	2601	2701	1723	0		//	통곡의카오스아이(물)			
	3277	111	2601	2701	1923	0		//	통곡의카오스아이(바람)			
	3278	111	2601	2701	1823	0		//	통곡의카오스아이(대지)			
	3279	111	2601	2701	2023	0		//	통곡의카오스아이(암흑)			
	3280	111	2601	2701	1623	0		//	칠흑과카오스아이(불)			
	3281	111	2601	2701	1723	0		//	칠흑과카오스아이(물)			
	3282	111	2601	2701	1923	0		//	칠흑과카오스아이(바람)			
	3283	111	2601	2701	1823	0		//	칠흑과카오스아이(대지)			
	3284	111	2601	2701	2023	0		//	칠흑과카오스아이(암흑)			
	3285	111	2601	2701	1623	0		//	심판의카오스아이(불)			
	3286	111	2601	2701	1723	0		//	심판의카오스아이(물)			
	3287	111	2601	2701	1923	0		//	심판의카오스아이(바람)			
	3288	111	2601	2701	1823	0		//	심판의카오스아이(대지)			
	3289	111	2601	2701	2023	0		//	심판의카오스아이(암흑)			
	3290	111	2601	2701	1623	0		//	지옥의카오스아이(불)			
	3291	111	2601	2701	1723	0		//	지옥의카오스아이(물)			
	3292	111	2601	2701	1923	0		//	지옥의카오스아이(바람)			
	3293	111	2601	2701	1823	0		//	지옥의카오스아이(대지)			
	3294	111	2601	2701	2023	0		//	지옥의카오스아이(암흑)			
//	목걸이											
	2011	203	1802	3172	0	0		//	그류핀			
	2012	303	1702	3172	0	0		//	이블아이			
	2013	403	1602	3172	0	0		//	사이드오닉스			
	2014	503	1902	3172	0	0		//	아마조나아트			
	2015	603	2002	3172	0	0		//	블루어벤츄린			
	2016	205	1605	3174	0	0		//	크리조콜라			
	2017	305	1705	3174	0	0		//	스노우플레이크			
	2018	405	1905	3174	0	0		//	멜라카이드			
	2019	505	1805	3174	0	0		//	피치애머트린			
	2020	605	2005	3174	0	0		//	로도크로사이트			
	3021	102	1152	3171	0	0		//	야수의목걸이			
	3022	104	1154	3173	0	0		//	오닐의목걸이			
	3023	106	1156	3175	0	0		//	눈꽃의목걸이			
	3030	108	1158	3177	0	0		//	화염의목걸이			
	3035	110	1160	3179	0	0		//	제단의목걸이			
	3132	112	1162	3181	0	0		//	헬론의목걸이			
	3124	115	1165	3184	0	0		//	이그니스의목걸이			
	3032	106	1156	1351	3175	0		//	현자의목걸이			
	3115	301	2201	3170	0	0		//	그림자팬던트_섀도우퀘스트_국내			
	3141	102	2101	1352	3171	0		//	달성의목걸이			
	3505	103	2101	1352	3172	0		//	루돌프목걸이			
//	3508	115	2112	1210	0	0		//	일본복권용_패자의목걸이			
//	3510	117	2116	1215	956	906		//	일본복권용_패왕의목걸이			
	3458	115	755	1051	3184	0		//	펜릴의목걸이_무제한			
	3459	115	1165	2501	3184	0		//	스카디의목걸이_무제한			
	3963	115	755	1051	3184	0		//	펜릴의목걸이			
	3964	115	1165	2501	3184	0		//	스카디의목걸이			
	40415	101	1501	0	0	0		//	숲의목걸이_야수증표조합아이템			
	40417	103	1503	0	0	0		//	설원의목걸이_설원증표조합아이템			
	40419	105	1505	0	0	0		//	악령의목걸이_묘지증표조합아이템			
//	반지											
	2001	203	1802	3172	0	0		//	윈드스톤링			
	2002	303	1702	3172	0	0		//	아이스스톤링			
	2003	403	1602	3172	0	0		//	파이어스톤링			
	2004	503	1902	3172	0	0		//	라이팅스톤링			
	2005	603	2002	3172	0	0		//	블러드스톤링			
	2006	205	1605	3174	0	0		//	헬리오아이언링			
	2007	305	1705	3174	0	0		//	플루오아이언링			
	2008	405	1905	3174	0	0		//	타이거즈아이언링			
	2009	505	1805	3174	0	0		//	블루스타아이언링			
	2010	605	2005	3174	0	0		//	다크엑스아이언링			
	3001	102	1252	3171	0	0		//	야수의반지			
	3002	104	1254	3173	0	0		//	오닐의반지			
	3003	106	1256	3175	0	0		//	눈꽃의반지			
	3029	108	1258	3177	0	0		//	화염의반지			
	3034	110	1260	3179	0	0		//	제단의반지			
//	3091	102	1302	2113	0	0		//	칼버스의반지_버서커_일본			
//	3092	102	1302	2113	0	0		//	칼버스의반지_드래곤_일본			
//	3093	102	1302	2113	0	0		//	칼버스의반지_발키리_일본			
//	3094	102	1302	2113	0	0		//	칼버스의반지_엘리멘_일본			
//	3125	102	1302	2113	0	0		//	칼버스의반지_섀도우_일본			
//	3253	102	1302	2113	0	0		//	칼버스의반지_미스틱_일본			
	3131	112	1262	3181	0	0		//	헬론의반지			
	3123	115	1265	3184	0	0		//	이그니스의반지			
	3031	102	1252	3171	0	0		//	현자의반지			
	3033	110	1256	1351	3179	0		//	대현자의반지			
	3116	202	2202	3171	0	0		//	그림자반지_섀도우퀘스트_국내			
	3117	102	1253	906	1352	3171		//	용사의반지			
	3140	1253	906	3172	0	0		//	달성의반지			
	3501	101	3170	0	0	0		//	실버아이언링			
//	3502	851	1352	0	0	0		//	골드아이언링_일본			
	3503	103	1255	3172	0	0		//	익스트림골드아이언링			
	3504	906	956	3179	0	0		//	보름달반지			
	3506	1253	1352	3172	0	0		//	크리스반지			
//	3507	115	1265	0	0	0		//	일본복권용_패자의반지			
//	3509	117	1270	0	0	0		//	일본복권용_패왕의반지			
	3456	118	707	1315	3187	0		//	일몽의반지_무제한			
	3457	118	1215	1267	3187	0		//	야화의반지_무제한			
	3961	118	707	1315	3187	0		//	일몽의반지			
	3962	118	1215	1267	3187	0		//	야화의반지			
	6802	102	1253	1301	906	0		//	투사의반지			
	40260	101	956	1006	0	0		//	산타의수호반지			
	40413	202	2202	0	0	0		//	해방군의반지_퀘스트보상			
	40414	502	2203	0	0	0		//	습격자의반지_퀘스트보상			
	40416	102	1502	0	0	0		//	수로의반지_수로증표조합아이템			
	40418	104	1504	0	0	0		//	용족의반지_용족증표조합아이템			
	40424	107	1507	1352	0	0		//	행운의반지_반지_목걸이조합아이템			
	40574	113	1313	0	0	0		//	사제의반지			
	40575	113	1313	0	0	0		//	정복자의반지			
	3993	109	801	3178	0	0		//	신대륙의반지			
	3994	109	801	3178	0	0		//	신대륙의목걸이			
	3995	112	801	3181	0	0		//	정령의반지			
	3996	112	801	3181	0	0		//	정령의목걸이			
	3295	102	2101	0	0	0		//	하급_아이언쉴드			
	3296	104	2105	0	0	0		//	상급_아이언쉴드			
	3297	107	2111	1619	0	0		//	솔리드암(불)			
	3298	107	2111	1719	0	0		//	솔리드암(물)			
	3299	107	2111	1919	0	0		//	솔리드암(바람)			
	3300	107	2111	1819	0	0		//	솔리드암(대지)			
	3469	107	2111	2019	0	0		//	솔리드암(암흑)			
	3470	110	2112	1511	0	0		//	인내의솔리드암			
	3471	306	2112	806	1210	0		//	아가멤논의날개			
	3472	406	2112	806	1260	0		//	검은_아가멤논의날개			
	3473	506	2112	806	1160	0		//	붉은_아가멤논의날개			
	3474	115	2112	856	703	1318		//	검게뒤틀린매의솔리드암			
	3475	115	2112	856	1215	1255		//	검게뒤틀린맹공의솔리드암			
	3476	115	2112	856	755	1051		//	검게뒤틀린결의솔리드암			
	3477	115	2112	856	1165	1106		//	검게뒤틀린수호의솔리드암			
	3478	2301	2302	806	2303	0		//	아가멤논과몽마의날개(H)			
	3479	111	2601	2701	1623	0		//	인내의카오스아이(불)			
	3480	111	2601	2701	1723	0		//	인내의카오스아이(물)			
	3481	111	2601	2701	1923	0		//	인내의카오스아이(바람)			
	3482	111	2601	2701	1823	0		//	인내의카오스아이(대지)			
	3483	111	2601	2701	2023	0		//	인내의카오스아이(암흑)			
	3484	105	2107	0	0	0		//	슈제트의_상급_아이언쉴드			
	3485	106	2108	1509	0	0		//	연마된슈제트의_상급_아이언쉴드			
	3486	107	2108	1510	0	0		//	축복받은슈제트의_상급_아이언쉴드			
	3583	802	1508	1355	3175	0		//	절규의반지			
	3584	802	1508	1356	3175	0		//	비명의반지			
	3585	2701	2810	1357	3177	0		//	투쟁의목걸이			
	3586	802	1508	1355	3175	0		//	절규의반지			
	3587	802	1508	1356	3175	0		//	비명의반지			
	3588	2701	2810	1357	3177	0		//	투쟁의목걸이			
	3901	111	2601	2701	1623	0		//	폭한의카오스아이(불)_기간제			
	3902	111	2601	2701	1723	0		//	폭한의카오스아이(물)_기간제			
	3903	111	2601	2701	1923	0		//	폭한의카오스아이(바람)_기간제			
	3904	111	2601	2701	1823	0		//	폭한의카오스아이(대지)_기간제			
	3905	111	2601	2701	2023	0		//	폭한의카오스아이(암흑)_기간제			
	3906	111	2601	2701	1623	0		//	심연의카오스아이(불)_기간제			
	3907	111	2601	2701	1723	0		//	심연의카오스아이(물)_기간제			
	3908	111	2601	2701	1923	0		//	심연의카오스아이(바람)_기간제			
	3909	111	2601	2701	1823	0		//	심연의카오스아이(대지)_기간제			
	3910	111	2601	2701	2023	0		//	심연의카오스아이(암흑)_기간제			
	3911	111	2601	2701	1623	0		//	통곡의카오스아이(불)_기간제			
	3912	111	2601	2701	1723	0		//	통곡의카오스아이(물)_기간제			
	3913	111	2601	2701	1923	0		//	통곡의카오스아이(바람)_기간제			
	3914	111	2601	2701	1823	0		//	통곡의카오스아이(대지)_기간제			
	3915	111	2601	2701	2023	0		//	통곡의카오스아이(암흑)_기간제			
	3916	111	2601	2701	1623	0		//	칠흑과카오스아이(불)_기간제			
	3917	111	2601	2701	1723	0		//	칠흑과카오스아이(물)_기간제			
	3918	111	2601	2701	1923	0		//	칠흑과카오스아이(바람)_기간제			
	3919	111	2601	2701	1823	0		//	칠흑과카오스아이(대지)_기간제			
	3920	111	2601	2701	2023	0		//	칠흑과카오스아이(암흑)_기간제			
	3921	111	2601	2701	1623	0		//	심판의카오스아이(불)_기간제			
	3922	111	2601	2701	1723	0		//	심판의카오스아이(물)_기간제			
	3923	111	2601	2701	1923	0		//	심판의카오스아이(바람)_기간제			
	3924	111	2601	2701	1823	0		//	심판의카오스아이(대지)_기간제			
	3925	111	2601	2701	2023	0		//	심판의카오스아이(암흑)_기간제			
	3926	111	2601	2701	1623	0		//	지옥의카오스아이(불)_기간제			
	3927	111	2601	2701	1723	0		//	지옥의카오스아이(물)_기간제			
	3928	111	2601	2701	1923	0		//	지옥의카오스아이(바람)_기간제			
	3929	111	2601	2701	1823	0		//	지옥의카오스아이(대지)_기간제			
	3930	111	2601	2701	2023	0		//	지옥의카오스아이(암흑)_기간제			
	3931	111	2601	2701	1623	0		//	인내의카오스아이(불)_기간제			
	3932	111	2601	2701	1723	0		//	인내의카오스아이(물)_기간제			
	3933	111	2601	2701	1923	0		//	인내의카오스아이(바람)_기간제			
	3934	111	2601	2701	1823	0		//	인내의카오스아이(대지)_기간제			
	3935	111	2601	2701	2023	0		//	인내의카오스아이(암흑)_기간제			
	3308	102	2101	0	0	0		//	하급_소울참			
	3309	104	2105	0	0	0		//	상급_소울참			
	3310	107	2111	1619	0	0		//	프로스트네일(불)			
	3311	107	2111	1719	0	0		//	프로스트네일(물)			
	3312	107	2111	1919	0	0		//	프로스트네일(바람)			
	3313	107	2111	1819	0	0		//	프로스트네일(대지)			
	3314	107	2111	2019	0	0		//	프로스트네일(암흑)			
	3315	110	2112	1511	0	0		//	유혹의프로스트네일			
	3803	306	2112	806	1210	0		//	메디아이의날개			
	3804	406	2112	806	1260	0		//	검은_메디아이의날개			
	3805	506	2112	806	1160	0		//	붉은_메디아이의날개			
	3799	115	2112	856	703	1318		//	검게뒤틀린매의프로스트네일			
	3800	115	2112	856	1215	1255		//	검게뒤틀린맹공의프로스트네일			
	3801	115	2112	856	755	1051		//	검게뒤틀린결의프로스트네일			
	3802	115	2112	856	1165	1106		//	검게뒤틀린수호의프로스트네일			
	3806	2301	2302	806	2303	0		//	메데이아과몽마의날개(W)			
	3807	111	2601	2701	1623	0		//	유혹의카오스아이(불)			
	3808	111	2601	2701	1723	0		//	유혹의카오스아이(물)			
	3809	111	2601	2701	1823	0		//	유혹의카오스아이(바람)			
	3810	111	2601	2701	1923	0		//	유혹의카오스아이(대지)			
	3811	111	2601	2701	2023	0		//	유혹의카오스아이(암흑)			
	3812	105	2107	0	0	0		//	슈제트의_상급_소울참			
	3813	106	2108	1509	0	0		//	연마된슈제트의_상급_소울참			
	3814	107	2108	1510	0	0		//	축복받은슈제트의_상급_소울참			
	3936	111	2601	2701	1623	0		//	유혹의카오스아이(불)_기간제			
	3937	111	2601	2701	1723	0		//	유혹의카오스아이(물)_기간제			
	3938	111	2601	2701	1823	0		//	유혹의카오스아이(바람)_기간제			
	3939	111	2601	2701	1923	0		//	유혹의카오스아이(대지)_기간제			
	3940	111	2601	2701	2023	0		//	유혹의카오스아이(암흑)_기간제			
	15000	117	2116	1513	705	1320		//	치명적인검은현자의수정기간트암			
	15001	117	2116	1513	1217	1257		//	몰아치는검은현자의수정기간트암			
	15002	117	2116	1513	757	1053		//	굳건한검은현자의수정기간트암			
	15003	117	2116	1513	1167	1108		//	단단한검은현자의수정기간트암			
	15004	117	2116	1513	705	1320		//	치명적인검은현자의수정드라고닉크로우			
	15005	117	2116	1513	1217	1257		//	몰아치는검은현자의수정드라고닉크로우			
	15006	117	2116	1513	757	1053		//	굳건한검은현자의수정드라고닉크로우			
	15007	117	2116	1513	1167	1108		//	단단한검은현자의수정드라고닉크로우			
	15008	117	2116	1513	705	1320		//	치명적인검은현자의수정헬론크래셔			
	15009	117	2116	1513	1217	1257		//	몰아치는검은현자의수정헬론크래셔			
	15010	117	2116	1513	757	1053		//	굳건한검은현자의수정헬론크래셔			
	15011	117	2116	1513	1167	1108		//	단단한검은현자의수정헬론크래셔			
	15012	117	2116	1513	705	1320		//	치명적인검은현자의수정파멸의엠페러			
	15013	117	2116	1513	1217	1257		//	몰아치는검은현자의수정파멸의엠페러			
	15014	117	2116	1513	757	1053		//	검게뒤틀린결의파멸의엠페러			
	15015	117	2116	1513	1167	1108		//	단단한검은현자의수정파멸의엠페러			
	15016	117	2116	1513	705	1320		//	치명적인검은현자의수정팬텀실루엣			
	15017	117	2116	1513	1217	1257		//	몰아치는검은현자의수정팬텀실루엣			
	15018	117	2116	1513	757	1053		//	굳건한검은현자의수정팬텀실루엣			
	15019	117	2116	1513	1167	1108		//	단단한검은현자의수정팬텀실루엣			
	15020	117	2116	1513	705	1320		//	치명적인검은현자의수정크림슨트리거			
	15021	117	2116	1513	1217	1257		//	몰아치는검은현자의수정크림슨트리거			
	15022	117	2116	1513	757	1053		//	검게뒤틀린결의크림슨트리거			
	15023	117	2116	1513	1167	1108		//	단단한검은현자의수정크림슨트리거			
	15024	117	2116	1513	705	1320		//	치명적인검은현자의수정솔리드암			
	15025	117	2116	1513	1217	1257		//	몰아치는검은현자의수정솔리드암			
	15026	117	2116	1513	757	1053		//	검게뒤틀린결의솔리드암			
	15027	117	2116	1513	1167	1108		//	단단한검은현자의수정솔리드암			
	15028	117	2116	1513	705	1320		//	치명적인검은현자의수정프로스트네일			
	15029	117	2116	1513	1217	1257		//	몰아치는검은현자의수정프로스트네일			
	15030	117	2116	1513	757	1053		//	검게뒤틀린결의프로스트네일			
	15031	117	2116	1513	1167	1108		//	단단한검은현자의수정프로스트네일			
//	무기_엘리트1차											
	50000	2901	2902	2903	2906	0		//	니벨룽의양손도끼			
	50001	2901	2902	2903	2908	0		//	니벨룽의양손검			
	50002	2901	2902	2903	2905	0		//	이그드라실의한손검			
	50003	2901	2902	2903	2907	0		//	이그드라실의창			
	50004	2901	2902	2903	2905	0		//	네프티스의한손석궁			
	50005	2901	2902	2903	2906	0		//	네프티스의에테르웨폰			
	50006	2901	2902	2903	2904	0		//	클로리스의지팡이			
	50007	2901	2902	2903	2904	2923		//	클로리스의오브			
	50008	2901	2902	2903	2905	0		//	야누비스의대거			
	50009	2901	2902	2903	2906	0		//	야누비스의채찍검			
	50050	2901	2902	2903	2905	0		//	헤카테건틀렛			
	50051	2901	2902	2903	2906	0		//	헤카테에테르사이드			
	50128	2901	2902	2903	2907	0		//	오시리스의에테르블래스터			
	50320	2901	2902	2903	2907	0		//	세크메트의아크블레이드_23등급아이템			
//	무기_엘리트1.5차											
	50010	2911	2912	2903	2906	0		//	파괴신_니벨룽의양손도끼			
	50011	2911	2912	2903	2908	0		//	파괴신_니벨룽의양손검			
	50012	2911	2912	2903	2905	0		//	저주의_이그드라실의한손검			
	50013	2911	2912	2903	2907	0		//	저주의_이그드라실의창			
	50014	2911	2912	2903	2905	0		//	타락한_네프티스의한손석궁			
	50015	2911	2912	2903	2906	0		//	타락한_네프티스의에테르웨폰			
	50016	2911	2912	2903	2904	0		//	죽음의_클로리스의지팡이			
	50017	2911	2912	2903	2904	2923		//	죽음의_클로리스의오브			
	50018	2911	2912	2903	2905	0		//	탐욕의_야누비스의대거			
	50019	2911	2912	2903	2906	0		//	탐욕의_야누비스의채찍검			
	50052	2911	2912	2903	2905	0		//	증오의_헤카테건틀렛			
	50053	2911	2912	2903	2906	0		//	증오의_헤카테에테르사이드			
	50129	2911	2912	2903	2907	0		//	분노의_오시리스의에테르블래스터			
	50321	2911	2912	2903	2907	0		//	냉정한_세크메트의아크블레이드_24등급아이템			
//	무기_엘리트2차											
	50020	2913	2914	2903	2906	0		//	메르카바의양손도끼			
	50021	2913	2914	2903	2908	0		//	메르카바의양손검			
	50022	2913	2914	2903	2905	0		//	이슈타르의한손검			
	50023	2913	2914	2903	2907	0		//	이슈타르의창			
	50024	2913	2914	2903	2905	0		//	카르시스의한손석궁			
	50025	2913	2914	2903	2906	0		//	카르시스의에테르웨폰			
	50026	2913	2914	2903	2904	0		//	마라크의지팡이			
	50027	2913	2914	2903	2904	2923		//	마라크의오브			
	50028	2913	2914	2903	2905	0		//	지브를대검			
	50029	2913	2914	2903	2906	0		//	지브릴채찍검			
	50054	2913	2914	2903	2905	0		//	핀디아스의건틀렛			
	50055	2913	2914	2903	2906	0		//	핀디아스의에테르사이드			
	50130	2913	2914	2903	2907	0		//	마르두크의에테르블래스터			
	50322	2913	2914	2903	2907	0		//	남타르의아크블레이드_25등급아이템			
//	무기_엘리트2.5차											
	50078	2915	2916	2903	2906	0		//	피로물든_메르카바의양손도끼			
	50079	2915	2916	2903	2908	0		//	피로물든_메르카바의양손도끼			
	50080	2915	2916	2903	2905	0		//	피로물든_이슈타르의한손검			
	50081	2915	2916	2903	2907	0		//	피로물든_이슈타르의창			
	50082	2915	2916	2903	2905	0		//	피로물든_카르시스의한손석궁			
	50083	2915	2916	2903	2906	0		//	피로물든_카르시스의에테르웨폰			
	50084	2915	2916	2903	2904	0		//	피로물든_미라크의지팡이			
	50085	2915	2916	2903	2904	2923		//	피로물든_미라크의오브			
	50086	2915	2916	2903	2905	0		//	피로물든_지브릴의대거			
	50087	2915	2916	2903	2906	0		//	피로물든_지브릴의채찍검			
	50088	2915	2916	2903	2905	0		//	피로물든_핀디아스의건틀렛			
	50089	2915	2916	2903	2906	0		//	피로물든_핀디아스의에테르사이드			
	50132	2915	2916	2903	2907	0		//	피로물든_마르두크의에테르블래스터			
	50324	2915	2916	2903	2907	0		//	피로물든_남타르의아크블레이드_26등급아이템			
//	무기_엘리트3차											
	50092	2917	2918	2903	2906	0		//	무스펠의양손도끼			
	50093	2917	2918	2903	2908	0		//	무스펠의양손검			
	50094	2917	2918	2903	2905	0		//	요툰의한손검			
	50095	2917	2918	2903	2907	0		//	요툰의창			
	50096	2917	2918	2903	2905	0		//	바나의한손석궁			
	50097	2917	2918	2903	2906	0		//	바나의에테르웨폰			
	50098	2917	2918	2903	2904	0		//	알브의지팡이			
	50099	2917	2918	2903	2904	2923		//	알브의오브			
	50124	2917	2918	2903	2905	0		//	니플의대거			
	50125	2917	2918	2903	2906	0		//	니플의채찍검			
	50126	2917	2918	2903	2905	0		//	스바르트의건틀렛			
	50127	2917	2918	2903	2906	0		//	스바르트의에테르사이드			
	50133	2917	2918	2903	2907	0		//	티르의에테르블래스터			
	50325	2917	2918	2903	2907	0		//	테미스의아크블레이드_27등급아이템			
//	무기_엘리트3.5차											
	50573	2919	2920	2903	2906	0		//	검게물든_무스펠의양손도끼			
	50574	2919	2920	2903	2908	0		//	검게물든_무스펠의양손검			
	50575	2919	2920	2903	2905	0		//	검게물든_요툰의한손검			
	50576	2919	2920	2903	2907	0		//	검게물든_요툰의창			
	50577	2919	2920	2903	2905	0		//	검게물든_바나의한손석궁			
	50578	2919	2920	2903	2906	0		//	검게물든_바나의에테르웨폰			
	50579	2919	2920	2903	2904	0		//	검게물든_알브의지팡이			
	50580	2919	2920	2903	2904	2923		//	검게물든_알브의오브			
	50581	2919	2920	2903	2905	0		//	검게물든_니플의대거			
	50582	2919	2920	2903	2906	0		//	검게물든_니플의채찍검			
	50583	2919	2920	2903	2905	0		//	검게물든_스바르트의건틀렛			
	50584	2919	2920	2903	2906	0		//	검게물든_스바르트의에테르사이드			
	50585	2919	2920	2903	2907	0		//	검게물든_티르의에테르블래스터			
	50599	2919	2920	2903	2907	0		//	검게물든_테미스의아크블레이드_27등급아이템			
//	무기_엘리트4차											
	50637	3145	3146	2903	3147	2906		//	블라인의_양손도끼			
	50638	3145	3146	2903	3147	2908		//	블라인의_양손검			
	50639	3145	3146	2903	3147	2905		//	군나르의_한손검			
	50640	3145	3146	2903	3147	2907		//	군나르의_창			
	50641	3145	3146	2903	3147	2905		//	그리드의_한손석궁			
	50642	3145	3146	2903	3147	2906		//	그리드의_에테르웨폰			
	50643	3145	3146	2903	3147	2904		//	린드의_지팡이			
	50644	3145	3146	2903	3147	2904		//	린드의_오브			
	50645	3145	3146	2903	3147	2905		//	샤치의_대거			
	50646	3145	3146	2903	3147	2906		//	샤치의_채찍검			
	50647	3145	3146	2903	3147	2905		//	이둔의_건틀렛			
	50648	3145	3146	2903	3147	2906		//	이둔의_에테르사이드			
	50649	3145	3146	2903	3147	2907		//	볼룬드의_에테르블래스터			
	50650	3145	3146	2903	3147	2907		//	신마라의_아크블레이드			
//	무기_유니크1차											
	50100	2901	2902	2903	2921	2906		//	탈그룬트의양손도끼			
	50102	2901	2902	2903	2921	2908		//	슈트라의양손검			
	50104	2901	2902	2903	2921	2905		//	베르텍스의한손검			
	50106	2901	2902	2903	2921	2907		//	팔랑크스의창			
	50108	2901	2902	2903	2921	2905		//	오리야의한손석궁			
	50110	2901	2902	2903	2921	2906		//	알베우스의에테르웨폰			
	50112	2901	2902	2903	2921	2904		//	콘발리페의지팡이			
	50114	2901	2902	2903	2921	2904		//	브로테의오브			
	50116	2901	2902	2903	2921	2905		//	바쿠의대거			
	50118	2901	2902	2903	2921	2906		//	바쿠의채찍검			
	50120	2901	2902	2903	2921	2905		//	라플라시아건틀렛			
	50122	2901	2902	2903	2921	2906		//	유클레시아에테르사이드			
	50135	2901	2902	2903	2921	2907		//	니드호그의에테르블래스터			
	50327	2901	2902	2903	2921	2907		//	타라의아크블레이드			
//	무기_유니크1.5차											
	50242	2911	2912	2903	2921	2906		//	파괴신_탈그룬트의양손도끼			
	50243	2911	2912	2903	2921	2908		//	파괴신_슈트라의양손검			
	50244	2911	2912	2903	2921	2905		//	저주의_베르텍스한손검			
	50245	2911	2912	2903	2921	2907		//	저주으_팔랑크스의한손창			
	50246	2911	2912	2903	2921	2905		//	타락한_오리야의한손석궁			
	50247	2911	2912	2903	2921	2906		//	타락한_알베우스의에테르웨폰			
	50248	2911	2912	2903	2921	2904		//	죽음의_콘발리페지팡이			
	50249	2911	2912	2903	2921	2904		//	죽음의_브로테오브			
	50250	2911	2912	2903	2921	2905		//	탐욕의_바쿠대거			
	50251	2911	2912	2903	2921	2906		//	탐욕의_바쿠채찍검			
	50256	2911	2912	2903	2921	2905		//	증오의_리플라시아건틀렛			
	50257	2911	2912	2903	2921	2906		//	증오의_유클레시아에테르사이드			
	50142	2911	2912	2903	2921	2907		//	분노의_니드호그에테르블래스터			
	50589	2911	2912	2903	2921	2907		//	냉정한_타라의아크블레이드			
//	무기_유니크2차											
	50101	2917	2918	2903	2921	2906		//	볼칸의양손도끼			
	50103	2917	2918	2903	2921	2908		//	운베터의양손검			
	50105	2917	2918	2903	2921	2905		//	토렌스의한손검			
	50107	2917	2918	2903	2921	2907		//	메테오라의창			
	50109	2917	2918	2903	2921	2905		//	아우라의한손석궁			
	50111	2917	2918	2903	2921	2906		//	카우시스의에테르웨폰			
	50113	2917	2918	2903	2921	2904		//	이그니시온의지팡이			
	50115	2917	2918	2903	2921	2904		//	소르젠테의오브			
	50117	2917	2918	2903	2921	2905		//	시드의대거			
	50119	2917	2918	2903	2921	2906		//	시드의채찍검			
	50121	2917	2918	2903	2921	2905		//	헬라임의건틀렛			
	50123	2917	2918	2903	2921	2906		//	엘라임의에테르사이드			
	50136	2917	2918	2903	2921	2907		//	헤르모드의에테르블래스터			
	50328	2917	2918	2903	2921	2907		//	파르바티의아크블레이드			
//	무기_유니크2.5차											
	50623	2919	2920	2903	2921	2906		//	피로물든_볼칸의양손도끼			
	50624	2919	2920	2903	2921	2908		//	피로물든_운베터의양손검			
	50625	2919	2920	2903	2921	2905		//	피로물든_토렌스의한손검			
	50626	2919	2920	2903	2921	2907		//	피로물든_메테오라의창			
	50627	2919	2920	2903	2921	2905		//	피로물든_아우라의한손석궁			
	50628	2919	2920	2903	2921	2906		//	피로물든_카우시스의에테르웨폰			
	50629	2919	2920	2903	2921	2904		//	피로물든_이그니시온의지팡이			
	50630	2919	2920	2903	2921	2904		//	피로물든_소르젠테의오브			
	50631	2919	2920	2903	2921	2905		//	피로물든_시드의대거			
	50632	2919	2920	2903	2921	2906		//	피로물든_시드의채찍검			
	50633	2919	2920	2903	2921	2905		//	피로물든_헬라임의건틀렛			
	50634	2919	2920	2903	2921	2906		//	피로물든_엘라임의에테르사이드			
	50635	2919	2920	2903	2921	2907		//	피로물든_헤르모드의에테르블래스터			
	50636	2919	2920	2903	2921	2907		//	피로물든_파르바티의아크블레이드			
//	무기_투사의엘리트1차											
	50222	2901	2902	2922	2906	0		//	각성된발로그_양손도끼			
	50223	2901	2902	2922	2908	0		//	각성된발로그_양손검			
	50224	2901	2902	2922	2905	0		//	라합의어금니_한손검			
	50225	2901	2902	2922	2907	0		//	라합의어금니_창			
	50226	2901	2902	2922	2905	0		//	불화의안드라스_대거			
	50227	2901	2902	2922	2906	0		//	불화의안드라스_채찍검			
	50228	2901	2902	2922	2905	0		//	타락한노르니르_석궁			
	50229	2901	2902	2922	2906	0		//	타락한노르니르_에테르웨폰			
	50230	2901	2902	2922	2904	0		//	원죄의마라_지팡이			
	50231	2901	2902	2922	2923	2904		//	원죄의마라_오브			
	50252	2901	2902	2922	2905	0		//	아리만_건틀렛			
	50253	2901	2902	2922	2906	0		//	아리만_에테르사이드			
	50137	2901	2902	2922	2907	0		//	추락한아바돈_에테르블래스터			
	50329	2901	2902	2922	2907	0		//	추락한두르가_아크블레이드			
//	무기_투사의엘리트2차											
	50258	2913	2914	2922	2906	0		//	피로물든발로그_양손도끼			
	50259	2913	2914	2922	2908	0		//	피로물든발로그_양손검			
	50260	2913	2914	2922	2905	0		//	피로물든라합_한손검			
	50261	2913	2914	2922	2907	0		//	피로물든라합_창			
	50262	2913	2914	2922	2905	0		//	피로물든안드라스_대거			
	50263	2913	2914	2922	2906	0		//	피로물든안드라스_채찍검			
	50264	2913	2914	2922	2905	0		//	피로물든노르니르_석궁			
	50265	2913	2914	2922	2906	0		//	피로물든노르니르_에테르웨폰			
	50266	2913	2914	2922	2904	0		//	피로물든마라_지팡이			
	50267	2913	2914	2922	2923	2904		//	피로물든마라_오브			
	50268	2913	2914	2922	2905	0		//	피로물든아리만_건틀렛			
	50269	2913	2914	2922	2906	0		//	피로물든아리만_에테르사이드			
	50139	2913	2914	2922	2907	0		//	피로물든아바돈_에테르블래스터			
	50586	2913	2914	2922	2907	0		//	피로물든에리니스_아크블레이드			
//	무기_레어등급_파수꾼사이베드											
	50341	1811	2906	0	0	0		//	파수꾼사이베드_양손도끼			
	50342	1811	2908	0	0	0		//	파수꾼사이베드_양손검			
	50343	1811	2905	0	0	0		//	파수꾼사이베드_한손검			
	50344	1811	2907	0	0	0		//	파수꾼사이베드_창			
	50345	1811	2905	0	0	0		//	파수꾼사이베드_대거			
	50346	1811	2906	0	0	0		//	파수꾼사이베드_채찍검			
	50347	1811	2905	0	0	0		//	파수꾼사이베드_한손석궁			
	50348	1811	2906	0	0	0		//	파수꾼사이베드_에테르웨폰			
	50349	1811	2904	0	0	0		//	파수꾼사이베드_지팡이			
	50350	1811	2923	2904	0	0		//	파수꾼사이베드_오브			
	50441	1811	2905	0	0	0		//	파수꾼사이베드_건틀렛			
	50442	1811	2906	0	0	0		//	파수꾼사이베드_에테르사이드			
	50521	1811	2907	0	0	0		//	파수꾼사이베드_에테르블래스터			
	50590	1811	2907	0	0	0		//	파수꾼사이베드_아크블레이드			
//	무기_레어등급_어둠의나크라트											
	50351	2013	2906	0	0	0		//	어둠의나크라트_양손도끼			
	50352	2013	2908	0	0	0		//	어둠의나크라트_양손검			
	50353	2013	2905	0	0	0		//	어둠의나크라트_한손검			
	50354	2013	2907	0	0	0		//	어둠의나크라트_창			
	50355	2013	2905	0	0	0		//	어둠의나크라트_대거			
	50356	2013	2906	0	0	0		//	어둠의나크라트_채찍검			
	50357	2013	2905	0	0	0		//	어둠의나크라트_한손석궁			
	50358	2013	2906	0	0	0		//	어둠의나크라트_에테르웨폰			
	50359	2013	2904	0	0	0		//	어둠의나크라트_지팡이			
	50360	2013	2923	2904	0	0		//	어둠의나크라트_오브			
	50443	2013	2905	0	0	0		//	어둠의나크라트_건틀렛			
	50444	2013	2906	0	0	0		//	어둠의나크라트_에테르사이드			
	50522	2013	2907	0	0	0		//	어둠의나크라트_에테르블래스터			
	50591	2013	2907	0	0	0		//	어둠의나크라트_아크블레이드			
//	무기_레어등급_사제시트나르타											
	50361	1715	2906	0	0	0		//	사제시트나르타_양손도끼			
	50362	1715	2908	0	0	0		//	사제시트나르타_양손검			
	50363	1715	2905	0	0	0		//	사제시트나르타_한손검			
	50364	1715	2907	0	0	0		//	사제시트나르타_창			
	50365	1715	2905	0	0	0		//	사제시트나르타_대거			
	50366	1715	2906	0	0	0		//	사제시트나르타_채찍검			
	50367	1715	2905	0	0	0		//	사제시트나르타_한손석궁			
	50368	1715	2906	0	0	0		//	사제시트나르타_에테르웨폰			
	50369	1715	2904	0	0	0		//	사제시트나르타_지팡이			
	50370	1715	2923	2904	0	0		//	사제시트나르타_오브			
	50445	1715	2905	0	0	0		//	사제시트나르타_건틀렛			
	50446	1715	2906	0	0	0		//	사제시트나르타_에테르사이드			
	50523	1715	2907	0	0	0		//	사제시트나르타_에테르블래스터			
	50592	1715	2907	0	0	0		//	사제시트나르타_아크블레이드			
//	무기_레어등급_수라키											
	50371	1617	2906	0	0	0		//	수라키_양손도끼			
	50372	1617	2908	0	0	0		//	수라키_양손검			
	50373	1617	2905	0	0	0		//	수라키_한손검			
	50374	1617	2907	0	0	0		//	수라키_창			
	50375	1617	2905	0	0	0		//	수라키_대거			
	50376	1617	2906	0	0	0		//	수라키_채찍검			
	50377	1617	2905	0	0	0		//	수라키_한손석궁			
	50378	1617	2906	0	0	0		//	수라키_에테르웨폰			
	50379	1617	2904	0	0	0		//	수라키_지팡이			
	50380	1617	2923	2904	0	0		//	수라키_오브			
	50447	1617	2905	0	0	0		//	수라키_건틀렛			
	50448	1617	2906	0	0	0		//	수라키_에테르사이드			
	50524	1617	2907	0	0	0		//	수라키_에테르블래스터			
	50593	1617	2907	0	0	0		//	수라키_아크블레이드			
//	무기_레어등급_영혼강탈자											
	50381	1919	2906	0	0	0		//	영혼강탈자_양손도끼			
	50382	1919	2908	0	0	0		//	영혼강탈자_양손검			
	50383	1919	2905	0	0	0		//	영혼강탈자_한손검			
	50384	1919	2907	0	0	0		//	영혼강탈자_창			
	50385	1919	2905	0	0	0		//	영혼강탈자_대거			
	50386	1919	2906	0	0	0		//	영혼강탈자_채찍검			
	50387	1919	2905	0	0	0		//	영혼강탈자_한손석궁			
	50388	1919	2906	0	0	0		//	영혼강탈자_에테르웨폰			
	50389	1919	2904	0	0	0		//	영혼강탈자_지팡이			
	50390	1919	2923	2904	0	0		//	영혼강탈자_오브			
	50449	1919	2905	0	0	0		//	영혼강탈자_건틀렛			
	50450	1919	2906	0	0	0		//	영혼강탈자_에테르사이드			
	50525	1919	2907	0	0	0		//	영혼강탈자_에테르블래스터			
	50594	1919	2907	0	0	0		//	영혼강탈자_아크블레이드			
//	무기_레어등급_갈루아											
	50391	1511	2906	0	0	0		//	갈루아_양손도끼			
	50392	1511	2908	0	0	0		//	갈루아_양손검			
	50393	1511	2905	0	0	0		//	갈루아_한손검			
	50394	1511	2907	0	0	0		//	갈루아_창			
	50395	1511	2905	0	0	0		//	갈루아_대거			
	50396	1511	2906	0	0	0		//	갈루아_채찍검			
	50397	1511	2905	0	0	0		//	갈루아_한손석궁			
	50398	1511	2906	0	0	0		//	갈루아_에테르웨폰			
	50399	1511	2904	0	0	0		//	갈루아_지팡이			
	50400	1511	2923	2904	0	0		//	갈루아_오브			
	50451	1511	2905	0	0	0		//	갈루아_건틀렛			
	50452	1511	2906	0	0	0		//	갈루아_에테르사이드			
	50526	1511	2907	0	0	0		//	갈루아_에테르블래스터			
	50595	1511	2907	0	0	0		//	갈루아_아크블레이드			
//	방어구_엘리트1차_버서커_아폴로											
	51000	2924	2927	2946	0	0		//	아폴로_갑옷			
	51028	2934	2937	2940	2943	0		//	아폴로_프로텍터			
	51001	2925	2928	2947	0	0		//	아폴로_헬멧			
	51002	2926	2929	2948	0	0		//	아폴로_바지			
	51003	2930	2931	2932	0	0		//	아폴로_부츠			
	51004	2930	2931	2933	0	0		//	아폴로_장갑			
	51005	2935	2938	2941	2944	0		//	아폴로_벨트			
	51006	2936	2939	2942	2945	0		//	아폴로_셔츠			
//	방어구_엘리트1차__드래곤_아레스											
	51007	2924	2927	2946	0	0		//	아레스_갑옷			
	51029	2934	2937	2940	2943	0		//	아레스_프로텍터			
	51008	2925	2928	2947	0	0		//	아레스_헬멧			
	51009	2926	2929	2948	0	0		//	아레스_바지			
	51010	2930	2931	2932	0	0		//	아레스_부츠			
	51011	2930	2931	2933	0	0		//	아레스_장갑			
	51012	2935	2938	2941	2944	0		//	아레스_벨트			
	51013	2936	2939	2942	2945	0		//	아레스_셔츠			
//	방어구_엘리트1차__엘리_아르테미스											
	51014	2924	2927	2946	0	0		//	아르테미스_갑옷			
	51030	2934	2937	2940	2943	0		//	아르테미스_프로텍터			
	51015	2925	2928	2947	0	0		//	아르테미스_헬멧			
	51016	2926	2929	2948	0	0		//	아르테미스_바지			
	51017	2930	2931	2932	0	0		//	아르테미스_부츠			
	51018	2930	2931	2933	0	0		//	아르테미스_장갑			
	51019	2935	2938	2941	2944	0		//	아르테미스_벨트			
	51020	2936	2939	2942	2945	0		//	아르테미스_셔츠			
//	방어구_엘리트1차__발키리_니케											
	51021	2924	2927	2946	0	0		//	니케_갑옷			
	51031	2934	2937	2940	2943	0		//	니케_프로텍터			
	51022	2925	2928	2947	0	0		//	니케_헬멧			
	51023	2926	2929	2948	0	0		//	니케_바지			
	51024	2930	2931	2932	0	0		//	니케_부츠			
	51025	2930	2931	2933	0	0		//	니케_장갑			
	51026	2935	2938	2941	2944	0		//	니케_벨트			
	51027	2936	2939	2942	2945	0		//	니케_셔츠			
//	방어구_엘리트1차__섀도우_헤르메스											
	51091	2924	2927	2946	0	0		//	헤르메스_갑옷			
	51092	2934	2937	2940	2943	0		//	헤르메스_프로텍터			
	51093	2925	2928	2947	0	0		//	헤르메스_헬멧			
	51094	2926	2929	2948	0	0		//	헤르메스_바지			
	51095	2930	2931	2932	0	0		//	헤르메스_부츠			
	51096	2930	2931	2933	0	0		//	헤르메스_장갑			
	51097	2935	2938	2941	2944	0		//	헤르메스_벨트			
	51098	2936	2939	2942	2945	0		//	헤르메스_셔츠			
//	방어구_엘리트1차__미스틱_페르세포네											
	51359	2924	2927	2946	0	0		//	페르세포네_갑옷			
	51360	2934	2937	2940	2943	0		//	페르세포네_프로텍터			
	51361	2925	2928	2947	0	0		//	페르세포네_헬멧			
	51362	2926	2929	2948	0	0		//	페르세포네_바지			
	51363	2930	2931	2932	0	0		//	페르세포네_부츠			
	51364	2930	2931	2933	0	0		//	페르세포네_장갑			
	51365	2935	2938	2941	2944	0		//	페르세포네_벨트			
	51366	2936	2939	2942	2945	0		//	페르세포네_셔츠			
//	방어구_엘리트1차__헬로이드_마르스											
	51655	2924	2927	2946	0	0		//	마르스_갑옷			
	51656	2934	2937	2940	2943	0		//	마르스_프로텍터			
	51657	2925	2928	2947	0	0		//	마르스_헬멧			
	51658	2926	2929	2948	0	0		//	마르스_바지			
	51659	2930	2931	2932	0	0		//	마르스_부츠			
	51660	2930	2931	2933	0	0		//	마르스_장갑			
	51661	2935	2938	2941	2944	0		//	마르스_벨트			
	51662	2936	2939	2942	2945	0		//	마르스_셔츠			
//	방어구_엘리트1차__위치블레이드_아테네											
	57009	2924	2927	2946	0	0		//	아테네_갑옷			
	57010	2934	2937	2940	2943	0		//	아테네_프로텍터			
	57011	2925	2928	2947	0	0		//	아테네_헬멧			
	57012	2926	2929	2948	0	0		//	아테네_바지			
	57013	2930	2931	2932	0	0		//	아테네_부츠			
	57014	2930	2931	2933	0	0		//	아테네_장갑			
	57015	2935	2938	2941	2944	0		//	아테네_벨트			
	57016	2936	2939	2942	2945	0		//	아테네_셔츠			
//	방어구_엘리트1.5차_버서커_파괴신아폴로											
	51036	2949	2952	2971	0	0		//	파괴신아폴로_갑옷			
	51037	2959	2962	2965	2968	0		//	파괴신아폴로_프로텍터			
	51038	2950	2953	2972	0	0		//	파괴신아폴로_헬멧			
	51039	2951	2954	2973	0	0		//	파괴신아폴로_바지			
	51040	2955	2956	2957	0	0		//	파괴신아폴로_부츠			
	51041	2955	2956	2958	0	0		//	파괴신아폴로_장갑			
	51042	2960	2963	2966	2969	0		//	파괴신아폴로_벨트			
	51043	2961	2964	2967	2970	0		//	파괴신아폴로_셔츠			
//	방어구_엘리트1.5차__드래곤_저주의아레스											
	51044	2949	2952	2971	0	0		//	저주의아레스_갑옷			
	51045	2959	2962	2965	2968	0		//	저주의아레스_프로텍터			
	51046	2950	2953	2972	0	0		//	저주의아레스_헬멧			
	51047	2951	2954	2973	0	0		//	저주의아레스_바지			
	51048	2955	2956	2957	0	0		//	저주의아레스_부츠			
	51049	2955	2956	2958	0	0		//	저주의아레스_장갑			
	51050	2960	2963	2966	2969	0		//	저주의아레스_벨트			
	51051	2961	2964	2967	2970	0		//	저주의아레스_셔츠			
//	방어구_엘리트1.5차__엘리_죽음의아르테미스											
	51052	2949	2952	2971	0	0		//	죽음의아르테미스_갑옷			
	51053	2959	2962	2965	2968	0		//	죽음의아르테미스_프로텍터			
	51054	2950	2953	2972	0	0		//	죽음의아르테미스_헬멧			
	51055	2951	2954	2973	0	0		//	죽음의아르테미스_바지			
	51056	2955	2956	2957	0	0		//	죽음의아르테미스_부츠			
	51057	2955	2956	2958	0	0		//	죽음의아르테미스_장갑			
	51058	2960	2963	2966	2969	0		//	죽음의아르테미스_벨트			
	51059	2961	2964	2967	2970	0		//	죽음의아르테미스_셔츠			
//	방어구_엘리트1.5차__발키리_타락한니케											
	51060	2949	2952	2971	0	0		//	타락한니케_갑옷			
	51061	2959	2962	2965	2968	0		//	타락한니케_프로텍터			
	51062	2950	2953	2972	0	0		//	타락한니케_헬멧			
	51063	2951	2954	2973	0	0		//	타락한니케_바지			
	51064	2955	2956	2957	0	0		//	타락한니케_부츠			
	51065	2955	2956	2958	0	0		//	타락한니케_장갑			
	51066	2960	2963	2966	2969	0		//	타락한니케_벨트			
	51067	2961	2964	2967	2970	0		//	타락한니케_셔츠			
//	방어구_엘리트1.5차__섀도우_탐욕의헤르메스											
	51068	2949	2952	2971	0	0		//	탐욕의헤르메스_갑옷			
	51069	2959	2962	2965	2968	0		//	탐욕의헤르메스_프로텍터			
	51070	2950	2953	2972	0	0		//	탐욕의헤르메스_헬멧			
	51071	2951	2954	2973	0	0		//	탐욕의헤르메스_바지			
	51072	2955	2956	2957	0	0		//	탐욕의헤르메스_부츠			
	51073	2955	2956	2958	0	0		//	탐욕의헤르메스_장갑			
	51074	2960	2963	2966	2969	0		//	탐욕의헤르메스_벨트			
	51075	2961	2964	2967	2970	0		//	탐욕의헤르메스_셔츠			
//	방어구_엘리트1.5차__미스틱_증오의페르세포네											
	51367	2949	2952	2971	0	0		//	증오의페르세포네_갑옷			
	51368	2959	2962	2965	2968	0		//	증오의페르세포네_프로텍터			
	51369	2950	2953	2972	0	0		//	증오의페르세포네_헬멧			
	51370	2951	2954	2973	0	0		//	증오의페르세포네_바지			
	51371	2955	2956	2957	0	0		//	증오의페르세포네_부츠			
	51372	2955	2956	2958	0	0		//	증오의페르세포네_장갑			
	51373	2960	2963	2966	2969	0		//	증오의페르세포네_벨트			
	51374	2961	2964	2967	2970	0		//	증오의페르세포네_셔츠			
//	방어구_엘리트1.5차_헬로이드_분노의마르스											
	51663	2949	2952	2971	0	0		//	분노의마르스_갑옷			
	51664	2959	2962	2965	2968	0		//	분노의마르스_프로텍터			
	51665	2950	2953	2972	0	0		//	분노의마르스_헬멧			
	51666	2951	2954	2973	0	0		//	분노의마르스_바지			
	51667	2955	2956	2957	0	0		//	분노의마르스_부츠			
	51668	2955	2956	2958	0	0		//	분노의마르스_장갑			
	51669	2960	2963	2966	2969	0		//	분노의마르스_벨트			
	51670	2961	2964	2967	2970	0		//	분노의마르스_셔츠			
//	방어구_엘리트1.5차_위블_냉정한아테네											
	57017	2949	2952	2971	0	0		//	냉정한아테네_갑옷			
	57018	2959	2962	2965	2968	0		//	냉정한아테네_프로텍터			
	57019	2950	2953	2972	0	0		//	냉정한아테네_헬멧			
	57020	2951	2954	2973	0	0		//	냉정한아테네_바지			
	57021	2955	2956	2957	0	0		//	냉정한아테네_부츠			
	57022	2955	2956	2958	0	0		//	냉정한아테네_장갑			
	57023	2960	2963	2966	2969	0		//	냉정한아테네_벨트			
	57024	2961	2964	2967	2970	0		//	냉정한아테네_셔츠			
//	방어구_엘리트2차_버서커_트론즈											
	51217	2974	2977	2996	2999	0		//	트론즈갑옷			
	51218	2984	2987	2990	2993	0		//	트론즈프로텍트			
	51219	2975	2978	2997	2999	0		//	트론즈헬멧			
	51220	2976	2979	2998	2999	0		//	트론즈바지			
	51221	2980	2981	2982	2999	0		//	트론즈부츠			
	51222	2980	2981	2983	2999	0		//	트론즈장갑			
	51223	2985	2988	2991	2994	0		//	트론즈벨트			
	51224	2986	2989	2992	2995	0		//	트론즈셔츠			
//	방어구_엘리트2차_드래곤_니슬로크											
	51225	2974	2977	2996	2999	0		//	니슬로크갑옷			
	51226	2984	2987	2990	2993	0		//	니슬로크프로텍트			
	51227	2975	2978	2997	2999	0		//	니슬로크헬멧			
	51228	2976	2979	2998	2999	0		//	니슬로크바지			
	51229	2980	2981	2982	2999	0		//	니슬로크부츠			
	51230	2980	2981	2983	2999	0		//	니슬로크장갑			
	51231	2985	2988	2991	2994	0		//	니슬로크벨트			
	51232	2986	2989	2992	2995	0		//	니슬로크셔츠			
//	방어구_엘리트2차_엘리_앙게레스											
	51233	2974	2977	2996	2999	0		//	앙게레스갑옷			
	51234	2984	2987	2990	2993	0		//	앙게레스프로텍트			
	51235	2975	2978	2997	2999	0		//	앙게레스헬멧			
	51236	2976	2979	2998	2999	0		//	앙게레스바지			
	51237	2980	2981	2982	2999	0		//	앙게레스부츠			
	51238	2980	2981	2983	2999	0		//	앙게레스장갑			
	51239	2985	2988	2991	2994	0		//	앙게레스벨트			
	51240	2986	2989	2992	2995	0		//	앙게레스셔츠			
//	방어구_엘리트2차_발키리_아시리아											
	51241	2974	2977	2996	2999	0		//	아시리아갑옷			
	51242	2984	2987	2990	2993	0		//	아시리아프로텍트			
	51243	2975	2978	2997	2999	0		//	아시리아헬멧			
	51244	2976	2979	2998	2999	0		//	아시리아바지			
	51245	2980	2981	2982	2999	0		//	아시리아부츠			
	51246	2980	2981	2983	2999	0		//	아시리아장갑			
	51247	2985	2988	2991	2994	0		//	아시리아벨트			
	51248	2986	2989	2992	2995	0		//	아시리아셔츠			
//	방어구_엘리트2차_섀도우_미카르											
	51249	2974	2977	2996	2999	0		//	미카르갑옷			
	51250	2984	2987	2990	2993	0		//	미카르프로텍트			
	51251	2975	2978	2997	2999	0		//	미카르헬멧			
	51252	2976	2979	2998	2999	0		//	미카르바지			
	51253	2980	2981	2982	2999	0		//	미카르부츠			
	51254	2980	2981	2983	2999	0		//	미카르장갑			
	51255	2985	2988	2991	2994	0		//	미카르벨트			
	51256	2986	2989	2992	2995	0		//	미카르셔츠			
//	방어구_엘리트2차_미스틱_듀나미스											
	51375	2974	2977	2996	2999	0		//	듀나미스갑옷			
	51376	2984	2987	2990	2993	0		//	듀나미스프로텍트			
	51377	2975	2978	2997	2999	0		//	듀나미스헬멧			
	51378	2976	2979	2998	2999	0		//	듀나미스바지			
	51379	2980	2981	2982	2999	0		//	듀나미스부츠			
	51380	2980	2981	2983	2999	0		//	듀나미스장갑			
	51381	2985	2988	2991	2994	0		//	듀나미스벨트			
	51382	2986	2989	2992	2995	0		//	듀나미스셔츠			
//	방어구_엘리트2차_헬로이드_바커스											
	51671	2974	2977	2996	2999	0		//	바커스갑옷			
	51672	2984	2987	2990	2993	0		//	바커스프로텍트			
	51673	2975	2978	2997	2999	0		//	바커스헬멧			
	51674	2976	2979	2998	2999	0		//	바커스바지			
	51675	2980	2981	2982	2999	0		//	바커스부츠			
	51676	2980	2981	2983	2999	0		//	바커스장갑			
	51677	2985	2988	2991	2994	0		//	바커스벨트			
	51678	2986	2989	2992	2995	0		//	바커스셔츠			
//	방어구_엘리트2차_위블_이르칼라											
	57025	2974	2977	2996	2999	0		//	이르칼라갑옷			
	57026	2984	2987	2990	2993	0		//	이르칼라프로텍트			
	57027	2975	2978	2997	2999	0		//	이르칼라헬멧			
	57028	2976	2979	2998	2999	0		//	이르칼라바지			
	57029	2980	2981	2982	2999	0		//	이르칼라부츠			
	57030	2980	2981	2983	2999	0		//	이르칼라장갑			
	57031	2985	2988	2991	2994	0		//	이르칼라벨트			
	57032	2986	2989	2992	2995	0		//	이르칼라셔츠			
//	방어구_엘리트2.5차_버서커_피로물든_트론즈											
	51455	3000	3003	3022	2999	0		//	피로물든_트론즈갑옷			
	51456	3010	3013	3016	3019	0		//	피로물든_트론즈프로텍트			
	51457	3001	3004	3023	2999	0		//	피로물든_트론즈헬멧			
	51458	3002	3005	3024	2999	0		//	피로물든_트론즈바지			
	51459	3006	3007	3008	2999	0		//	피로물든_트론즈부츠			
	51460	3006	3007	3009	2999	0		//	피로물든_트론즈장갑			
	51461	3011	3014	3017	3020	0		//	피로물든_트론즈벨트			
	51462	3012	3015	3018	3021	0		//	피로물든_트론즈셔츠			
//	방어구_엘리트2.5차_드래곤_피로물든_니슬로크											
	51463	3000	3003	3022	2999	0		//	피로물든_니슬로크갑옷			
	51464	3010	3013	3016	3019	0		//	피로물든_니슬로크프로텍트			
	51465	3001	3004	3023	2999	0		//	피로물든_니슬로크헬멧			
	51466	3002	3005	3024	2999	0		//	피로물든_니슬로크바지			
	51467	3006	3007	3008	2999	0		//	피로물든_니슬로크부츠			
	51468	3006	3007	3009	2999	0		//	피로물든_니슬로크장갑			
	51469	3011	3014	3017	3020	0		//	피로물든_니슬로크벨트			
	51470	3012	3015	3018	3021	0		//	피로물든_니슬로크셔츠			
//	방어구_엘리트2.5차_엘리_피로물든_앙게레스											
	51471	3000	3003	3022	2999	0		//	피로물든_앙게레스갑옷			
	51472	3010	3013	3016	3019	0		//	피로물든_앙게레스프로텍트			
	51473	3001	3004	3023	2999	0		//	피로물든_앙게레스헬멧			
	51474	3002	3005	3024	2999	0		//	피로물든_앙게레스바지			
	51475	3006	3007	3008	2999	0		//	피로물든_앙게레스부츠			
	51476	3006	3007	3009	2999	0		//	피로물든_앙게레스장갑			
	51477	3011	3014	3017	3020	0		//	피로물든_앙게레스벨트			
	51478	3012	3015	3018	3021	0		//	피로물든_앙게레스셔츠			
//	방어구_엘리트2.5차_발키리_피로물든_아시리아											
	51479	3000	3003	3022	2999	0		//	피로물든_아시리아갑옷			
	51480	3010	3013	3016	3019	0		//	피로물든_아시리아프로텍트			
	51481	3001	3004	3023	2999	0		//	피로물든_아시리아헬멧			
	51482	3002	3005	3024	2999	0		//	피로물든_아시리아바지			
	51483	3006	3007	3008	2999	0		//	피로물든_아시리아부츠			
	51484	3006	3007	3009	2999	0		//	피로물든_아시리아장갑			
	51485	3011	3014	3017	3020	0		//	피로물든_아시리아벨트			
	51486	3012	3015	3018	3021	0		//	피로물든_아시리아셔츠			
//	방어구_엘리트2.5차_섀도우_피로물든_미카르											
	51487	3000	3003	3022	2999	0		//	피로물든_미카르갑옷			
	51488	3010	3013	3016	3019	0		//	피로물든_미카르프로텍트			
	51489	3001	3004	3023	2999	0		//	피로물든_미카르헬멧			
	51490	3002	3005	3024	2999	0		//	피로물든_미카르바지			
	51491	3006	3007	3008	2999	0		//	피로물든_미카르부츠			
	51492	3006	3007	3009	2999	0		//	피로물든_미카르장갑			
	51493	3011	3014	3017	3020	0		//	피로물든_미카르벨트			
	51494	3012	3015	3018	3021	0		//	피로물든_미카르셔츠			
//	방어구_엘리트2.5차_미스틱_피로물든_듀나미스											
	51495	3000	3003	3022	2999	0		//	피로물든_듀나미스갑옷			
	51496	3010	3013	3016	3019	0		//	피로물든_듀나미스프로텍트			
	51497	3001	3004	3023	2999	0		//	피로물든_듀나미스헬멧			
	51498	3002	3005	3024	2999	0		//	피로물든_듀나미스바지			
	51499	3006	3007	3008	2999	0		//	피로물든_듀나미스부츠			
	51500	3006	3007	3009	2999	0		//	피로물든_듀나미스장갑			
	51501	3011	3014	3017	3020	0		//	피로물든_듀나미스벨트			
	51502	3012	3015	3018	3021	0		//	피로물든_듀나미스셔츠			
//	방어구_엘리트2.5차_헬로이드_피로물든_바커스											
	51679	3000	3003	3022	2999	0		//	피로물든_바커스갑옷			
	51680	3010	3013	3016	3019	0		//	피로물든_바커스프로텍트			
	51681	3001	3004	3023	2999	0		//	피로물든_바커스헬멧			
	51682	3002	3005	3024	2999	0		//	피로물든_바커스바지			
	51683	3006	3007	3008	2999	0		//	피로물든_바커스부츠			
	51684	3006	3007	3009	2999	0		//	피로물든_바커스장갑			
	51685	3011	3014	3017	3020	0		//	피로물든_바커스벨트			
	51686	3012	3015	3018	3021	0		//	피로물든_바커스셔츠			
//	방어구_엘리트2.5차_위블_피로물든_이르칼라											
	57033	3000	3003	3022	2999	0		//	피로물든_이르칼라갑옷			
	57034	3010	3013	3016	3019	0		//	피로물든_이르칼라프로텍트			
	57035	3001	3004	3023	2999	0		//	피로물든_이르칼라헬멧			
	57036	3002	3005	3024	2999	0		//	피로물든_이르칼라바지			
	57037	3006	3007	3008	2999	0		//	피로물든_이르칼라부츠			
	57038	3006	3007	3009	2999	0		//	피로물든_이르칼라장갑			
	57039	3011	3014	3017	3020	0		//	피로물든_이르칼라벨트			
	57040	3012	3015	3018	3021	0		//	피로물든_이르칼라셔츠			
//	방어구_엘리트3차_버서커_토르											
	51503	3025	3028	3047	2999	0		//	토르_갑옷			
	51504	3035	3038	3041	3044	0		//	토르_프로텍터			
	51505	3026	3029	3048	2999	0		//	토르_헬멧			
	51506	3027	3030	3049	2999	0		//	토르_바지			
	51507	3031	3032	3033	2999	0		//	토르_부츠			
	51508	3031	3032	3034	2999	0		//	토르_장갑			
	51509	3036	3039	3042	3045	0		//	토르_벨트			
	51510	3037	3040	3043	3046	0		//	토르_셔츠			
//	방어구_엘리트3차_드래곤_헤임달											
	51511	3025	3028	3047	2999	0		//	헤임달_갑옷			
	51512	3035	3038	3041	3044	0		//	헤임달_프로텍터			
	51513	3026	3029	3048	2999	0		//	헤임달_헬멧			
	51514	3027	3030	3049	2999	0		//	헤임달_바지			
	51515	3031	3032	3033	2999	0		//	헤임달_부츠			
	51516	3031	3032	3034	2999	0		//	헤임달_장갑			
	51517	3036	3039	3042	3045	0		//	헤임달_벨트			
	51518	3037	3040	3043	3046	0		//	헤임달_셔츠			
//	방어구_엘리트3차_엘리_프레이야											
	51519	3025	3028	3047	2999	0		//	프레이야_갑옷			
	51520	3035	3038	3041	3044	0		//	프레이야_프로텍터			
	51521	3026	3029	3048	2999	0		//	프레이야_헬멧			
	51522	3027	3030	3049	2999	0		//	프레이야_바지			
	51523	3031	3032	3033	2999	0		//	프레이야_부츠			
	51524	3031	3032	3034	2999	0		//	프레이야_장갑			
	51525	3036	3039	3042	3045	0		//	프레이야_벨트			
	51526	3037	3040	3043	3046	0		//	프레이야_셔츠			
//	방어구_엘리트3차_발키리_스카디											
	51527	3025	3028	3047	2999	0		//	스카디_갑옷			
	51528	3035	3038	3041	3044	0		//	스카디_프로텍터			
	51529	3026	3029	3048	2999	0		//	스카디_헬멧			
	51530	3027	3030	3049	2999	0		//	스카디_바지			
	51531	3031	3032	3033	2999	0		//	스카디_부츠			
	51532	3031	3032	3034	2999	0		//	스카디_장갑			
	51533	3036	3039	3042	3045	0		//	스카디_벨트			
	51534	3037	3040	3043	3046	0		//	스카디_셔츠			
//	방어구_엘리트3차_섀도우_로키											
	51535	3025	3028	3047	2999	0		//	로키_갑옷			
	51536	3035	3038	3041	3044	0		//	로키_프로텍터			
	51537	3026	3029	3048	2999	0		//	로키_헬멧			
	51538	3027	3030	3049	2999	0		//	로키_바지			
	51539	3031	3032	3033	2999	0		//	로키_부츠			
	51540	3031	3032	3034	2999	0		//	로키_장갑			
	51541	3036	3039	3042	3045	0		//	로키_벨트			
	51542	3037	3040	3043	3046	0		//	로키_셔츠			
//	방어구_엘리트3차_미스틱_시프											
	51543	3025	3028	3047	2999	0		//	시프_갑옷			
	51544	3035	3038	3041	3044	0		//	시프_프로텍터			
	51545	3026	3029	3048	2999	0		//	시프_헬멧			
	51546	3027	3030	3049	2999	0		//	시프_바지			
	51547	3031	3032	3033	2999	0		//	시프_부츠			
	51548	3031	3032	3034	2999	0		//	시프_장갑			
	51549	3036	3039	3042	3045	0		//	시프_벨트			
	51550	3037	3040	3043	3046	0		//	시프_셔츠			
//	방어구_엘리트3차_헬로이드_노르넨											
	51687	3025	3028	3047	2999	0		//	노르넨_갑옷			
	51688	3035	3038	3041	3044	0		//	노르넨_프로텍터			
	51689	3026	3029	3048	2999	0		//	노르넨_헬멧			
	51690	3027	3030	3049	2999	0		//	노르넨_바지			
	51691	3031	3032	3033	2999	0		//	노르넨_부츠			
	51692	3031	3032	3034	2999	0		//	노르넨_장갑			
	51693	3036	3039	3042	3045	0		//	노르넨_벨트			
	51694	3037	3040	3043	3046	0		//	노르넨_셔츠			
//	방어구_엘리트3차_위블_모리유											
	57041	3025	3028	3047	2999	0		//	모리유_갑옷			
	57042	3035	3038	3041	3044	0		//	모리유_프로텍터			
	57043	3026	3029	3048	2999	0		//	모리유_헬멧			
	57044	3027	3030	3049	2999	0		//	모리유_바지			
	57045	3031	3032	3033	2999	0		//	모리유_부츠			
	57046	3031	3032	3034	2999	0		//	모리유_장갑			
	57047	3036	3039	3042	3045	0		//	모리유_벨트			
	57048	3037	3040	3043	3046	0		//	모리유_셔츠			
//	방어구_엘리트3.5차_버서커_검게물든토르											
	51751	3050	3053	3072	2999	0		//	검게물든토르_갑옷			
	51752	3060	3063	3066	3069	0		//	검게물든토르_프로텍터			
	51753	3051	3054	3073	2999	0		//	검게물든토르_헬멧			
	51754	3052	3055	3074	2999	0		//	검게물든토르_바지			
	51755	3056	3057	3058	2999	0		//	검게물든토르_부츠			
	51756	3056	3057	3059	2999	0		//	검게물든토르_장갑			
	51757	3061	3064	3067	3070	0		//	검게물든토르_벨트			
	51758	3062	3065	3068	3071	0		//	검게물든토르_셔츠			
//	방어구_엘리트3.5차_드래곤_검게물든헤임달											
	51759	3050	3053	3072	2999	0		//	검게물든헤임달_갑옷			
	51760	3060	3063	3066	3069	0		//	검게물든헤임달_프로텍터			
	51761	3051	3054	3073	2999	0		//	검게물든헤임달_헬멧			
	51762	3052	3055	3074	2999	0		//	검게물든헤임달_바지			
	51763	3056	3057	3058	2999	0		//	검게물든헤임달_부츠			
	51764	3056	3057	3059	2999	0		//	검게물든헤임달_장갑			
	51765	3061	3064	3067	3070	0		//	검게물든헤임달_벨트			
	51766	3062	3065	3068	3071	0		//	검게물든헤임달_셔츠			
//	방어구_엘리트3.5차_엘리_검게물든프레이야											
	51775	3050	3053	3072	2999	0		//	검게물든프레이야_갑옷			
	51776	3060	3063	3066	3069	0		//	검게물든프레이야_프로텍터			
	51777	3051	3054	3073	2999	0		//	검게물든프레이야_헬멧			
	51778	3052	3055	3074	2999	0		//	검게물든프레이야_바지			
	51779	3056	3057	3058	2999	0		//	검게물든프레이야_부츠			
	51780	3056	3057	3059	2999	0		//	검게물든프레이야_장갑			
	51781	3061	3064	3067	3070	0		//	검게물든프레이야_벨트			
	51782	3062	3065	3068	3071	0		//	검게물든프레이야_셔츠			
//	방어구_엘리트3.5차_발키리_검게물든스카디											
	51767	3050	3053	3072	2999	0		//	검게물든스카디_갑옷			
	51768	3060	3063	3066	3069	0		//	검게물든스카디_프로텍터			
	51769	3051	3054	3073	2999	0		//	검게물든스카디_헬멧			
	51770	3052	3055	3074	2999	0		//	검게물든스카디_바지			
	51771	3056	3057	3058	2999	0		//	검게물든스카디_부츠			
	51772	3056	3057	3059	2999	0		//	검게물든스카디_장갑			
	51773	3061	3064	3067	3070	0		//	검게물든스카디_벨트			
	51774	3062	3065	3068	3071	0		//	검게물든스카디_셔츠			
//	방어구_엘리트3.5차_섀도우_검게물든로키											
	51783	3050	3053	3072	2999	0		//	검게물든로키_갑옷			
	51784	3060	3063	3066	3069	0		//	검게물든로키_프로텍터			
	51785	3051	3054	3073	2999	0		//	검게물든로키_헬멧			
	51786	3052	3055	3074	2999	0		//	검게물든로키_바지			
	51787	3056	3057	3058	2999	0		//	검게물든로키_부츠			
	51788	3056	3057	3059	2999	0		//	검게물든로키_장갑			
	51789	3061	3064	3067	3070	0		//	검게물든로키_벨트			
	51790	3062	3065	3068	3071	0		//	검게물든로키_셔츠			
//	방어구_엘리트3.5차_미스틱_검게물든시프											
	51791	3050	3053	3072	2999	0		//	검게물든시프_갑옷			
	51792	3060	3063	3066	3069	0		//	검게물든시프_프로텍터			
	51793	3051	3054	3073	2999	0		//	검게물든시프_헬멧			
	51794	3052	3055	3074	2999	0		//	검게물든시프_바지			
	51795	3056	3057	3058	2999	0		//	검게물든시프_부츠			
	51796	3056	3057	3059	2999	0		//	검게물든시프_장갑			
	51797	3061	3064	3067	3070	0		//	검게물든시프_벨트			
	51798	3062	3065	3068	3071	0		//	검게물든시프_셔츠			
//	방어구_엘리트3.5차_헬로이드_검게물든노르넨											
	51799	3050	3053	3072	2999	0		//	검게물든노르넨_갑옷			
	51800	3060	3063	3066	3069	0		//	검게물든노르넨_프로텍터			
	51801	3051	3054	3073	2999	0		//	검게물든노르넨_헬멧			
	51802	3052	3055	3074	2999	0		//	검게물든노르넨_바지			
	51803	3056	3057	3058	2999	0		//	검게물든노르넨_부츠			
	51804	3056	3057	3059	2999	0		//	검게물든노르넨_장갑			
	51805	3061	3064	3067	3070	0		//	검게물든노르넨_벨트			
	51806	3062	3065	3068	3071	0		//	검게물든노르넨_셔츠			
//	방어구_엘리트3.5차_위블_검게물든모리유											
	51807	3050	3053	3072	2999	0		//	검게물든모리유_갑옷			
	51808	3060	3063	3066	3069	0		//	검게물든모리유_프로텍터			
	51809	3051	3054	3073	2999	0		//	검게물든모리유_헬멧			
	51810	3052	3055	3074	2999	0		//	검게물든모리유_바지			
	51811	3056	3057	3058	2999	0		//	검게물든모리유_부츠			
	51812	3056	3057	3059	2999	0		//	검게물든모리유_장갑			
	51813	3061	3064	3067	3070	0		//	검게물든모리유_벨트			
	51814	3062	3065	3068	3071	0		//	검게물든모리유_셔츠			
//	숲의정복자_방어구_버서커_강인한											
	45571	203	0	0	0	0		//	강인한숲의정복자갑옷			
	45572	501	0	0	0	0		//	강인한숲의정복자프로텍터			
	45573	751	0	0	0	0		//	강인한숲의정복자헬멧			
	45574	701	0	0	0	0		//	강인한숲의정복자바지			
	45575	2104	0	0	0	0		//	강인한숲의정복자부츠			
	45576	3078	0	0	0	0		//	강인한숲의정복자장갑			
	45577	3075	0	0	0	0		//	강인한숲의정복자벨트			
	45578	3076	0	0	0	0		//	강인한숲의정복자셔츠			
//	숲의정복자_방어구_드래곤_용맹한											
	45579	203	0	0	0	0		//	용맹한숲의정복자갑옷			
	45580	301	0	0	0	0		//	용맹한숲의정복자프로텍터			
	45581	751	0	0	0	0		//	용맹한숲의정복자헬멧			
	45582	701	0	0	0	0		//	용맹한숲의정복자바지			
	45583	2102	0	0	0	0		//	용맹한숲의정복자부츠			
	45584	3079	0	0	0	0		//	용맹한숲의정복자장갑			
	45585	3075	0	0	0	0		//	용맹한숲의정복자벨트			
	45586	3076	0	0	0	0		//	용맹한숲의정복자셔츠			
//	숲의정복자_방어구_섀도우_차가운											
	45587	203	0	0	0	0		//	차가운숲의정복자갑옷			
	45588	401	0	0	0	0		//	차가운숲의정복자프로텍터			
	45589	751	0	0	0	0		//	차가운숲의정복자헬멧			
	45590	701	0	0	0	0		//	차가운숲의정복자바지			
	45591	2102	0	0	0	0		//	차가운숲의정복자부츠			
	45592	3079	0	0	0	0		//	차가운숲의정복자장갑			
	45593	3075	0	0	0	0		//	차가운숲의정복자벨트			
	45594	3076	0	0	0	0		//	차가운숲의정복자셔츠			
//	숲의정복자_방어구_발키리_날렵한											
	45595	303	0	0	0	0		//	날렵한숲의정복자갑옷			
	45596	201	0	0	0	0		//	날렵한숲의정복자프로텍터			
	45597	751	0	0	0	0		//	날렵한숲의정복자헬멧			
	45598	701	0	0	0	0		//	날렵한숲의정복자바지			
	45599	2102	0	0	0	0		//	날렵한숲의정복자부츠			
	45600	3079	0	0	0	0		//	날렵한숲의정복자장갑			
	45601	3075	0	0	0	0		//	날렵한숲의정복자벨트			
	45602	3076	0	0	0	0		//	날렵한숲의정복자셔츠			
//	숲의정복자_방어구_엘리_신성한											
	45603	403	0	0	0	0		//	신성한숲의정복자갑옷			
	45604	601	0	0	0	0		//	신성한숲의정복자프로텍터			
	45605	751	0	0	0	0		//	신성한숲의정복자헬멧			
	45606	701	0	0	0	0		//	신성한숲의정복자바지			
	45607	3077	0	0	0	0		//	신성한숲의정복자부츠			
	45608	3080	0	0	0	0		//	신성한숲의정복자장갑			
	45609	3075	0	0	0	0		//	신성한숲의정복자벨트			
	45610	3076	0	0	0	0		//	신성한숲의정복자셔츠			
//	숲의정복자_방어구_미스틱_수려한											
	45851	303	0	0	0	0		//	수려한숲의정복자갑옷			
	45852	401	0	0	0	0		//	수려한숲의정복자프로텍터			
	45853	751	0	0	0	0		//	수려한숲의정복자헬멧			
	45854	701	0	0	0	0		//	수려한숲의정복자바지			
	45855	2104	0	0	0	0		//	수려한숲의정복자부츠			
	45856	3078	0	0	0	0		//	수려한숲의정복자장갑			
	45857	3075	0	0	0	0		//	수려한숲의정복자벨트			
	45858	3076	0	0	0	0		//	수려한숲의정복자셔츠			
//	숲의정복자_방어구_헬로이드_개조된											
	45899	503	0	0	0	0		//	개조된_숲의_정복자_갑옷_			
	45900	601	0	0	0	0		//	개조된_숲의_정복자_프로텍터_			
	45901	751	0	0	0	0		//	개조된_숲의_정복자_헬멧_			
	45902	701	0	0	0	0		//	개조된_숲의_정복자_바지_			
	45903	2104	0	0	0	0		//	개조된_숲의_정복자_부츠_			
	45904	3078	0	0	0	0		//	개조된_숲의_정복자_장갑_			
	45905	3075	0	0	0	0		//	개조된_숲의_정복자_벨트_			
	45906	3076	0	0	0	0		//	개조된_숲의_정복자_셔츠_			
//	숲의정복자_방어구_위블_잔혹한											
	57089	503	0	0	0	0		//	잔혹한숲의정복자_갑옷_			
	57090	601	0	0	0	0		//	잔혹한숲의정복자_프로텍터_			
	57091	751	0	0	0	0		//	잔혹한숲의정복자_헬멧_			
	57092	701	0	0	0	0		//	잔혹한숲의정복자_바지_			
	57093	2104	0	0	0	0		//	잔혹한숲의정복자_부츠_			
	57094	3078	0	0	0	0		//	잔혹한숲의정복자_장갑_			
	57095	3075	0	0	0	0		//	잔혹한숲의정복자_벨트_			
	57096	3076	0	0	0	0		//	잔혹한숲의정복자_셔츠_			
//	지하수로의정복자_방어구_버서커_강인한											
	45611	205	0	0	0	0		//	강인한지하수로의정복자갑옷			
	45612	502	0	0	0	0		//	강인한지하수로의정복자프로텍터			
	45613	751	0	0	0	0		//	강인한지하수로의정복자헬멧			
	45614	701	0	0	0	0		//	강인한지하수로의정복자바지			
	45615	3083	0	0	0	0		//	강인한지하수로의정복자부츠			
	45616	3084	0	0	0	0		//	강인한지하수로의정복자장갑			
	45617	3087	0	0	0	0		//	강인한지하수로의정복자벨트			
	45618	3088	0	0	0	0		//	강인한지하수로의정복자셔츠			
//	지하수로의정복자_방어구_드래곤_용맹한											
	45619	205	0	0	0	0		//	용맹한지하수로의정복자갑옷			
	45620	302	0	0	0	0		//	용맹한지하수로의정복자프로텍터			
	45621	751	0	0	0	0		//	용맹한지하수로의정복자헬멧			
	45622	701	0	0	0	0		//	용맹한지하수로의정복자바지			
	45623	3082	0	0	0	0		//	용맹한지하수로의정복자부츠			
	45624	3085	0	0	0	0		//	용맹한지하수로의정복자장갑			
	45625	3087	0	0	0	0		//	용맹한지하수로의정복자벨트			
	45626	3088	0	0	0	0		//	용맹한지하수로의정복자셔츠			
//	지하수로의정복자_방어구_섀도우_차가운											
	45627	205	0	0	0	0		//	차가운지하수로의정복자갑옷			
	45628	402	0	0	0	0		//	차가운지하수로의정복자프로텍터			
	45629	751	0	0	0	0		//	차가운지하수로의정복자헬멧			
	45630	701	0	0	0	0		//	차가운지하수로의정복자바지			
	45631	3082	0	0	0	0		//	차가운지하수로의정복자부츠			
	45632	3085	0	0	0	0		//	차가운지하수로의정복자장갑			
	45633	3087	0	0	0	0		//	차가운지하수로의정복자벨트			
	45634	3088	0	0	0	0		//	차가운지하수로의정복자셔츠			
//	지하수로의정복자_방어구_발키리_날렵한											
	45635	305	0	0	0	0		//	날렵한지하수로의정복자갑옷			
	45636	202	0	0	0	0		//	날렵한지하수로의정복자프로텍터			
	45637	751	0	0	0	0		//	날렵한지하수로의정복자헬멧			
	45638	701	0	0	0	0		//	날렵한지하수로의정복자바지			
	45639	3082	0	0	0	0		//	날렵한지하수로의정복자부츠			
	45640	3085	0	0	0	0		//	날렵한지하수로의정복자장갑			
	45641	3087	0	0	0	0		//	날렵한지하수로의정복자벨트			
	45642	3088	0	0	0	0		//	날렵한지하수로의정복자셔츠			
//	지하수로의정복자_방어구_엘리_신성한											
	45643	405	0	0	0	0		//	신성한지하수로의정복자갑옷			
	45644	602	0	0	0	0		//	신성한지하수로의정복자프로텍터			
	45645	751	0	0	0	0		//	신성한지하수로의정복자헬멧			
	45646	701	0	0	0	0		//	신성한지하수로의정복자바지			
	45647	3081	0	0	0	0		//	신성한지하수로의정복자부츠			
	45648	3086	0	0	0	0		//	신성한지하수로의정복자장갑			
	45649	3087	0	0	0	0		//	신성한지하수로의정복자벨트			
	45650	3088	0	0	0	0		//	신성한지하수로의정복자셔츠			
//	지하수로의정복자_방어구_미스틱_수려한											
	45859	305	0	0	0	0		//	수려한지하수로의정복자갑옷			
	45860	402	0	0	0	0		//	수려한지하수로의정복자프로텍터			
	45861	751	0	0	0	0		//	수려한지하수로의정복자헬멧			
	45862	701	0	0	0	0		//	수려한지하수로의정복자바지			
	45863	3083	0	0	0	0		//	수려한지하수로의정복자부츠			
	45864	3084	0	0	0	0		//	수려한지하수로의정복자장갑			
	45865	3087	0	0	0	0		//	수려한지하수로의정복자벨트			
	45866	3088	0	0	0	0		//	수려한지하수로의정복자셔츠			
//	지하수로의정복자_방어구_헬로이드_개조된											
	45907	505	0	0	0	0		//	개조된_지하수로의정복자_갑옷_			
	45908	602	0	0	0	0		//	개조된_지하수로의정복자_프로텍터_			
	45909	751	0	0	0	0		//	개조된_지하수로의정복자_헬멧_			
	45910	701	0	0	0	0		//	개조된_지하수로의정복자_바지_			
	45911	3083	0	0	0	0		//	개조된_지하수로의정복자_부츠_			
	45912	3084	0	0	0	0		//	개조된_지하수로의정복자_장갑_			
	45913	3087	0	0	0	0		//	개조된_지하수로의정복자_벨트_			
	45914	3088	0	0	0	0		//	개조된_지하수로의정복자_셔츠_			
//	지하수로의정복자_방어구_위블_잔혹한											
	57097	505	0	0	0	0		//	잔혹한지하수로의정복자_갑옷_			
	57098	602	0	0	0	0		//	잔혹한지하수로의정복자_프로텍터_			
	57099	751	0	0	0	0		//	잔혹한지하수로의정복자_헬멧_			
	57100	701	0	0	0	0		//	잔혹한지하수로의정복자_바지_			
	57101	3083	0	0	0	0		//	잔혹한지하수로의정복자_부츠_			
	57102	3084	0	0	0	0		//	잔혹한지하수로의정복자_장갑_			
	57103	3087	0	0	0	0		//	잔혹한지하수로의정복자_벨트_			
	57104	3088	0	0	0	0		//	잔혹한지하수로의정복자_셔츠_			
//	설원의정복자_방어구_버서커_강인한											
	45651	208	0	0	0	0		//	강인한설원의정복자갑옷			
	45652	503	0	0	0	0		//	강인한설원의정복자프로텍터			
	45653	752	0	0	0	0		//	강인한설원의정복자헬멧			
	45654	702	0	0	0	0		//	강인한설원의정복자바지			
	45655	3091	0	0	0	0		//	강인한설원의정복자부츠			
	45656	3092	0	0	0	0		//	강인한설원의정복자장갑			
	45657	3095	0	0	0	0		//	강인한설원의정복자벨트			
	45658	3096	0	0	0	0		//	강인한설원의정복자셔츠			
//	설원의정복자_방어구_드래곤_용맹한											
	45659	208	0	0	0	0		//	용맹한설원의정복자갑옷			
	45660	303	0	0	0	0		//	용맹한설원의정복자프로텍터			
	45661	752	0	0	0	0		//	용맹한설원의정복자헬멧			
	45662	702	0	0	0	0		//	용맹한설원의정복자바지			
	45663	3090	0	0	0	0		//	용맹한설원의정복자부츠			
	45664	3093	0	0	0	0		//	용맹한설원의정복자장갑			
	45665	3095	0	0	0	0		//	용맹한설원의정복자벨트			
	45666	3096	0	0	0	0		//	용맹한설원의정복자셔츠			
//	설원의정복자_방어구_섀도우_차가운											
	45667	208	0	0	0	0		//	차가운설원의정복자갑옷			
	45668	403	0	0	0	0		//	차가운설원의정복자프로텍터			
	45669	752	0	0	0	0		//	차가운설원의정복자헬멧			
	45670	702	0	0	0	0		//	차가운설원의정복자바지			
	45671	3090	0	0	0	0		//	차가운설원의정복자부츠			
	45672	3093	0	0	0	0		//	차가운설원의정복자장갑			
	45673	3095	0	0	0	0		//	차가운설원의정복자벨트			
	45674	3096	0	0	0	0		//	차가운설원의정복자셔츠			
//	설원의정복자_방어구_발키리_날렵한											
	45675	308	0	0	0	0		//	날렵한설원의정복자갑옷			
	45676	203	0	0	0	0		//	날렵한설원의정복자프로텍터			
	45677	752	0	0	0	0		//	날렵한설원의정복자헬멧			
	45678	702	0	0	0	0		//	날렵한설원의정복자바지			
	45679	3090	0	0	0	0		//	날렵한설원의정복자부츠			
	45680	3093	0	0	0	0		//	날렵한설원의정복자장갑			
	45681	3095	0	0	0	0		//	날렵한설원의정복자벨트			
	45682	3096	0	0	0	0		//	날렵한설원의정복자셔츠			
//	설원의정복자_방어구_엘리_신성한											
	45683	408	0	0	0	0		//	신성한설원의정복자갑옷			
	45684	603	0	0	0	0		//	신성한설원의정복자프로텍터			
	45685	752	0	0	0	0		//	신성한설원의정복자헬멧			
	45686	702	0	0	0	0		//	신성한설원의정복자바지			
	45687	3089	0	0	0	0		//	신성한설원의정복자부츠			
	45688	3094	0	0	0	0		//	신성한설원의정복자장갑			
	45689	3095	0	0	0	0		//	신성한설원의정복자벨트			
	45690	3096	0	0	0	0		//	신성한설원의정복자셔츠			
//	설원의정복자_방어구_미스틱_수려한											
	45867	308	0	0	0	0		//	수려한설원의정복자갑옷			
	45868	403	0	0	0	0		//	수려한설원의정복자프로텍터			
	45869	752	0	0	0	0		//	수려한설원의정복자헬멧			
	45870	702	0	0	0	0		//	수려한설원의정복자바지			
	45871	3091	0	0	0	0		//	수려한설원의정복자부츠			
	45872	3092	0	0	0	0		//	수려한설원의정복자장갑			
	45873	3095	0	0	0	0		//	수려한설원의정복자벨트			
	45874	3096	0	0	0	0		//	수려한설원의정복자셔츠			
//	설원의정복자_방어구_헬로이드_개조된											
	45915	508	0	0	0	0		//	개조된_설원의정복자_갑옷_			
	45916	603	0	0	0	0		//	개조된_설원의정복자_프로텍터_			
	45917	752	0	0	0	0		//	개조된_설원의정복자_헬멧_			
	45918	702	0	0	0	0		//	개조된_설원의정복자_바지_			
	45919	3091	0	0	0	0		//	개조된_설원의정복자_부츠_			
	45920	3092	0	0	0	0		//	개조된_설원의정복자_장갑_			
	45921	3095	0	0	0	0		//	개조된_설원의정복자_벨트_			
	45922	3096	0	0	0	0		//	개조된_설원의정복자_셔츠_			
//	설원의정복자_방어구_위블_잔혹한											
	57105	508	0	0	0	0		//	잔혹한설원의정복자_갑옷_			
	57106	603	0	0	0	0		//	잔혹한설원의정복자_프로텍터_			
	57107	752	0	0	0	0		//	잔혹한설원의정복자_헬멧_			
	57108	702	0	0	0	0		//	잔혹한설원의정복자_바지_			
	57109	3091	0	0	0	0		//	잔혹한설원의정복자_부츠_			
	57110	3092	0	0	0	0		//	잔혹한설원의정복자_장갑_			
	57111	3095	0	0	0	0		//	잔혹한설원의정복자_벨트_			
	57112	3096	0	0	0	0		//	잔혹한설원의정복자_셔츠_			
//	용족의정복자_방어구_버서커_강인한											
	45691	210	0	0	0	0		//	강인한용족의정복자갑옷			
	45692	504	0	0	0	0		//	강인한용족의정복자프로텍터			
	45693	752	0	0	0	0		//	강인한용족의정복자헬멧			
	45694	702	0	0	0	0		//	강인한용족의정복자바지			
	45695	3099	0	0	0	0		//	강인한용족의정복자부츠			
	45696	3100	0	0	0	0		//	강인한용족의정복자장갑			
	45697	3103	0	0	0	0		//	강인한용족의정복자벨트			
	45698	3104	0	0	0	0		//	강인한용족의정복자셔츠			
//	용족의정복자_방어구_드래곤_용맹한											
	45699	210	0	0	0	0		//	용맹한용족의정복자갑옷			
	45700	304	0	0	0	0		//	용맹한용족의정복자프로텍터			
	45701	752	0	0	0	0		//	용맹한용족의정복자헬멧			
	45702	702	0	0	0	0		//	용맹한용족의정복자바지			
	45703	3098	0	0	0	0		//	용맹한용족의정복자부츠			
	45704	3101	0	0	0	0		//	용맹한용족의정복자장갑			
	45705	3103	0	0	0	0		//	용맹한용족의정복자벨트			
	45706	3104	0	0	0	0		//	용맹한용족의정복자셔츠			
//	용족의정복자_방어구_섀도우_차가운											
	45707	210	0	0	0	0		//	차가운용족의정복자갑옷			
	45708	404	0	0	0	0		//	차가운용족의정복자프로텍터			
	45709	752	0	0	0	0		//	차가운용족의정복자헬멧			
	45710	702	0	0	0	0		//	차가운용족의정복자바지			
	45711	3098	0	0	0	0		//	차가운용족의정복자부츠			
	45712	3101	0	0	0	0		//	차가운용족의정복자장갑			
	45713	3103	0	0	0	0		//	차가운용족의정복자벨트			
	45714	3104	0	0	0	0		//	차가운용족의정복자셔츠			
//	용족의정복자_방어구_발키리_날렵한											
	45715	310	0	0	0	0		//	날렵한용족의정복자갑옷			
	45716	204	0	0	0	0		//	날렵한용족의정복자프로텍터			
	45717	752	0	0	0	0		//	날렵한용족의정복자헬멧			
	45718	702	0	0	0	0		//	날렵한용족의정복자바지			
	45719	3098	0	0	0	0		//	날렵한용족의정복자부츠			
	45720	3101	0	0	0	0		//	날렵한용족의정복자장갑			
	45721	3103	0	0	0	0		//	날렵한용족의정복자벨트			
	45722	3104	0	0	0	0		//	날렵한용족의정복자셔츠			
//	용족의정복자_방어구_엘리_신성한											
	45723	410	0	0	0	0		//	신성한용족의정복자갑옷			
	45724	604	0	0	0	0		//	신성한용족의정복자프로텍터			
	45725	752	0	0	0	0		//	신성한용족의정복자헬멧			
	45726	702	0	0	0	0		//	신성한용족의정복자바지			
	45727	3097	0	0	0	0		//	신성한용족의정복자부츠			
	45728	3102	0	0	0	0		//	신성한용족의정복자장갑			
	45729	3103	0	0	0	0		//	신성한용족의정복자벨트			
	45730	3104	0	0	0	0		//	신성한용족의정복자셔츠			
//	용족의정복자_방어구_미스틱_수려한											
	45875	310	0	0	0	0		//	수려한용족의정복자갑옷			
	45876	404	0	0	0	0		//	수려한용족의정복자프로텍터			
	45877	752	0	0	0	0		//	수려한용족의정복자헬멧			
	45878	702	0	0	0	0		//	수려한용족의정복자바지			
	45879	3099	0	0	0	0		//	수려한용족의정복자부츠			
	45880	3100	0	0	0	0		//	수려한용족의정복자장갑			
	45881	3103	0	0	0	0		//	수려한용족의정복자벨트			
	45882	3104	0	0	0	0		//	수려한용족의정복자셔츠			
//	용족의정복자_방어구_헬로이드_개조된											
	45923	510	0	0	0	0		//	개조된_용족의정복자_갑옷_			
	45924	604	0	0	0	0		//	개조된_용족의정복자_프로텍터_			
	45925	752	0	0	0	0		//	개조된_용족의정복자_헬멧_			
	45926	702	0	0	0	0		//	개조된_용족의정복자_바지_			
	45927	3099	0	0	0	0		//	개조된_용족의정복자_부츠_			
	45928	3100	0	0	0	0		//	개조된_용족의정복자_장갑_			
	45929	3103	0	0	0	0		//	개조된_용족의정복자_벨트_			
	45930	3104	0	0	0	0		//	개조된_용족의정복자_셔츠_			
//	용족의정복자_방어구_위블_잔혹한											
	57113	510	0	0	0	0		//	잔혹한용족의정복자_갑옷_			
	57114	604	0	0	0	0		//	잔혹한용족의정복자_프로텍터_			
	57115	752	0	0	0	0		//	잔혹한용족의정복자_헬멧_			
	57116	702	0	0	0	0		//	잔혹한용족의정복자_바지_			
	57117	3099	0	0	0	0		//	잔혹한용족의정복자_부츠_			
	57118	3100	0	0	0	0		//	잔혹한용족의정복자_장갑_			
	57119	3103	0	0	0	0		//	잔혹한용족의정복자_벨트_			
	57120	3104	0	0	0	0		//	잔혹한용족의정복자_셔츠_			
//	아이올트의정복자_방어구_버서커_강인한											
	45731	3113	0	0	0	0		//	강인한아이올트의정복자갑옷			
	45732	505	0	0	0	0		//	강인한아이올트의정복자프로텍터			
	45733	753	0	0	0	0		//	강인한아이올트의정복자헬멧			
	45734	703	0	0	0	0		//	강인한아이올트의정복자바지			
	45735	3107	0	0	0	0		//	강인한아이올트의정복자부츠			
	45736	3108	0	0	0	0		//	강인한아이올트의정복자장갑			
	45737	3111	0	0	0	0		//	강인한아이올트의정복자벨트			
	45738	3112	0	0	0	0		//	강인한아이올트의정복자셔츠			
//	아이올트의정복자_방어구_드래곤_용맹한											
	45739	3113	0	0	0	0		//	용맹한아이올트의정복자갑옷			
	45740	305	0	0	0	0		//	용맹한아이올트의정복자프로텍터			
	45741	753	0	0	0	0		//	용맹한아이올트의정복자헬멧			
	45742	703	0	0	0	0		//	용맹한아이올트의정복자바지			
	45743	3106	0	0	0	0		//	용맹한아이올트의정복자부츠			
	45744	3109	0	0	0	0		//	용맹한아이올트의정복자장갑			
	45745	3111	0	0	0	0		//	용맹한아이올트의정복자벨트			
	45746	3112	0	0	0	0		//	용맹한아이올트의정복자셔츠			
//	아이올트의정복자_방어구_섀도우_차가운											
	45747	3113	0	0	0	0		//	차가운아이올트의정복자갑옷			
	45748	405	0	0	0	0		//	차가운아이올트의정복자프로텍터			
	45749	753	0	0	0	0		//	차가운아이올트의정복자헬멧			
	45750	703	0	0	0	0		//	차가운아이올트의정복자바지			
	45751	3106	0	0	0	0		//	차가운아이올트의정복자부츠			
	45752	3109	0	0	0	0		//	차가운아이올트의정복자장갑			
	45753	3111	0	0	0	0		//	차가운아이올트의정복자벨트			
	45754	3112	0	0	0	0		//	차가운아이올트의정복자셔츠			
//	아이올트의정복자_방어구_발키리_날렵한											
	45755	3116	0	0	0	0		//	날렵한아이올트의정복자갑옷			
	45756	205	0	0	0	0		//	날렵한아이올트의정복자프로텍터			
	45757	753	0	0	0	0		//	날렵한아이올트의정복자헬멧			
	45758	703	0	0	0	0		//	날렵한아이올트의정복자바지			
	45759	3106	0	0	0	0		//	날렵한아이올트의정복자부츠			
	45760	3109	0	0	0	0		//	날렵한아이올트의정복자장갑			
	45761	3111	0	0	0	0		//	날렵한아이올트의정복자벨트			
	45762	3112	0	0	0	0		//	날렵한아이올트의정복자셔츠			
//	아이올트의정복자_방어구_엘리_신성한											
	45763	3115	0	0	0	0		//	신성한아이올트의정복자갑옷			
	45764	605	0	0	0	0		//	신성한아이올트의정복자프로텍터			
	45765	753	0	0	0	0		//	신성한아이올트의정복자헬멧			
	45766	703	0	0	0	0		//	신성한아이올트의정복자바지			
	45767	3105	0	0	0	0		//	신성한아이올트의정복자부츠			
	45768	3110	0	0	0	0		//	신성한아이올트의정복자장갑			
	45769	3111	0	0	0	0		//	신성한아이올트의정복자벨트			
	45770	3112	0	0	0	0		//	신성한아이올트의정복자셔츠			
//	아이올트의정복자_방어구_미스틱_수려한											
	45883	3116	0	0	0	0		//	수려한아이올트의정복자갑옷			
	45884	405	0	0	0	0		//	수려한아이올트의정복자프로텍터			
	45885	753	0	0	0	0		//	수려한아이올트의정복자헬멧			
	45886	703	0	0	0	0		//	수려한아이올트의정복자바지			
	45887	3107	0	0	0	0		//	수려한아이올트의정복자부츠			
	45888	3108	0	0	0	0		//	수려한아이올트의정복자장갑			
	45889	3111	0	0	0	0		//	수려한아이올트의정복자벨트			
	45890	3112	0	0	0	0		//	수려한아이올트의정복자셔츠			
//	아이올트의정복자_방어구_헬로이드_개조된											
	45931	3114	0	0	0	0		//	개조된_아이올트의정복자_갑옷_			
	45932	605	0	0	0	0		//	개조된_아이올트의정복자_프로텍터_			
	45933	753	0	0	0	0		//	개조된_아이올트의정복자_헬멧_			
	45934	703	0	0	0	0		//	개조된_아이올트의정복자_바지_			
	45935	3107	0	0	0	0		//	개조된_아이올트의정복자_부츠_			
	45936	3108	0	0	0	0		//	개조된_아이올트의정복자_장갑_			
	45937	3111	0	0	0	0		//	개조된_아이올트의정복자_벨트_			
	45938	3112	0	0	0	0		//	개조된_아이올트의정복자_셔츠_			
//	아이올트의정복자_방어구_위블_잔혹한											
	57121	3114	0	0	0	0		//	잔혹한아이올트의정복자_갑옷_			
	57122	605	0	0	0	0		//	잔혹한아이올트의정복자_프로텍터_			
	57123	753	0	0	0	0		//	잔혹한아이올트의정복자_헬멧_			
	57124	703	0	0	0	0		//	잔혹한아이올트의정복자_바지_			
	57125	3107	0	0	0	0		//	잔혹한아이올트의정복자_부츠_			
	57126	3108	0	0	0	0		//	잔혹한아이올트의정복자_장갑_			
	57127	3111	0	0	0	0		//	잔혹한아이올트의정복자_벨트_			
	57128	3112	0	0	0	0		//	잔혹한아이올트의정복자_셔츠_			
//	헬론의정복자_방어구_버서커_강인한											
	45771	3125	0	0	0	0		//	강인한헬론의정복자갑옷			
	45772	507	0	0	0	0		//	강인한헬론의정복자프로텍터			
	45773	753	0	0	0	0		//	강인한헬론의정복자헬멧			
	45774	703	0	0	0	0		//	강인한헬론의정복자바지			
	45775	3119	0	0	0	0		//	강인한헬론의정복자부츠			
	45776	3120	0	0	0	0		//	강인한헬론의정복자장갑			
	45777	3123	0	0	0	0		//	강인한헬론의정복자벨트			
	45778	3124	0	0	0	0		//	강인한헬론의정복자셔츠			
//	헬론의정복자_방어구_드래곤_용맹한											
	45779	3125	0	0	0	0		//	용맹한헬론의정복자갑옷			
	45780	307	0	0	0	0		//	용맹한헬론의정복자프로텍터			
	45781	753	0	0	0	0		//	용맹한헬론의정복자헬멧			
	45782	703	0	0	0	0		//	용맹한헬론의정복자바지			
	45783	3118	0	0	0	0		//	용맹한헬론의정복자부츠			
	45784	3121	0	0	0	0		//	용맹한헬론의정복자장갑			
	45785	3123	0	0	0	0		//	용맹한헬론의정복자벨트			
	45786	3124	0	0	0	0		//	용맹한헬론의정복자셔츠			
//	헬론의정복자_방어구_섀도우_차가운											
	45787	3125	0	0	0	0		//	차가운헬론의정복자갑옷			
	45788	407	0	0	0	0		//	차가운헬론의정복자프로텍터			
	45789	753	0	0	0	0		//	차가운헬론의정복자헬멧			
	45790	703	0	0	0	0		//	차가운헬론의정복자바지			
	45791	3118	0	0	0	0		//	차가운헬론의정복자부츠			
	45792	3121	0	0	0	0		//	차가운헬론의정복자장갑			
	45793	3123	0	0	0	0		//	차가운헬론의정복자벨트			
	45794	3124	0	0	0	0		//	차가운헬론의정복자셔츠			
//	헬론의정복자_방어구_발키리_날렵한											
	45795	3128	0	0	0	0		//	날렵한헬론의정복자갑옷			
	45796	207	0	0	0	0		//	날렵한헬론의정복자프로텍터			
	45797	753	0	0	0	0		//	날렵한헬론의정복자헬멧			
	45798	703	0	0	0	0		//	날렵한헬론의정복자바지			
	45799	3118	0	0	0	0		//	날렵한헬론의정복자부츠			
	45800	3121	0	0	0	0		//	날렵한헬론의정복자장갑			
	45801	3123	0	0	0	0		//	날렵한헬론의정복자벨트			
	45802	3124	0	0	0	0		//	날렵한헬론의정복자셔츠			
//	헬론의정복자_방어구_엘리_신성한											
	45803	3127	0	0	0	0		//	신성한헬론의정복자갑옷			
	45804	607	0	0	0	0		//	신성한헬론의정복자프로텍터			
	45805	753	0	0	0	0		//	신성한헬론의정복자헬멧			
	45806	703	0	0	0	0		//	신성한헬론의정복자바지			
	45807	3117	0	0	0	0		//	신성한헬론의정복자부츠			
	45808	3122	0	0	0	0		//	신성한헬론의정복자장갑			
	45809	3123	0	0	0	0		//	신성한헬론의정복자벨트			
	45810	3124	0	0	0	0		//	신성한헬론의정복자셔츠			
//	헬론의정복자_방어구_미스틱_수려한											
	45891	3128	0	0	0	0		//	수려한헬론의정복자갑옷			
	45892	407	0	0	0	0		//	수려한헬론의정복자프로텍터			
	45893	753	0	0	0	0		//	수려한헬론의정복자헬멧			
	45894	703	0	0	0	0		//	수려한헬론의정복자바지			
	45895	3119	0	0	0	0		//	수려한헬론의정복자부츠			
	45896	3120	0	0	0	0		//	수려한헬론의정복자장갑			
	45897	3123	0	0	0	0		//	수려한헬론의정복자벨트			
	45898	3124	0	0	0	0		//	수려한헬론의정복자셔츠			
//	헬론의정복자_방어구_헬로이드_개조된											
	45939	3126	0	0	0	0		//	개조된_헬론의정복자_갑옷_			
	45940	607	0	0	0	0		//	개조된_헬론의정복자_프로텍터_			
	45941	753	0	0	0	0		//	개조된_헬론의정복자_헬멧_			
	45942	703	0	0	0	0		//	개조된_헬론의정복자_바지_			
	45943	3119	0	0	0	0		//	개조된_헬론의정복자_부츠_			
	45944	3120	0	0	0	0		//	개조된_헬론의정복자_장갑_			
	45945	3123	0	0	0	0		//	개조된_헬론의정복자_벨트_			
	45946	3124	0	0	0	0		//	개조된_헬론의정복자_셔츠_			
//	헬론의정복자_방어구_위블_잔혹한											
	57129	3126	0	0	0	0		//	잔혹한헬론의정복자_갑옷_			
	57130	607	0	0	0	0		//	잔혹한헬론의정복자_프로텍터_			
	57131	753	0	0	0	0		//	잔혹한헬론의정복자_헬멧_			
	57132	703	0	0	0	0		//	잔혹한헬론의정복자_바지_			
	57133	3119	0	0	0	0		//	잔혹한헬론의정복자_부츠_			
	57134	3120	0	0	0	0		//	잔혹한헬론의정복자_장갑_			
	57135	3123	0	0	0	0		//	잔혹한헬론의정복자_벨트_			
	57136	3124	0	0	0	0		//	잔혹한헬론의정복자_셔츠_			
//	투사의엘리트1차_방어구_버서커											
	51177	3129	0	0	0	0		//	아에시마데바_갑옷			
	51178	3130	0	0	0	0		//	아에시마데바_프로텍터			
	51179	3131	0	0	0	0		//	아에시마데바_헬멧			
	51180	3132	0	0	0	0		//	아에시마데바_바지			
	51181	3133	0	0	0	0		//	아에시마데바_부츠			
	51182	3134	0	0	0	0		//	아에시마데바_장갑			
	51183	3135	0	0	0	0		//	아에시마데바_벨트			
	51184	3136	0	0	0	0		//	아에시마데바_셔츠			
//	투사의엘리트1차_방어구_드래곤나이트											
	51185	3129	0	0	0	0		//	벨제뷔트_갑옷			
	51186	3130	0	0	0	0		//	벨제뷔트_프로텍터			
	51187	3131	0	0	0	0		//	벨제뷔트_헬멧			
	51188	3132	0	0	0	0		//	벨제뷔트_바지			
	51189	3133	0	0	0	0		//	벨제뷔트_부츠			
	51190	3134	0	0	0	0		//	벨제뷔트_장갑			
	51191	3135	0	0	0	0		//	벨제뷔트_벨트			
	51192	3136	0	0	0	0		//	벨제뷔트_셔츠			
//	투사의엘리트1차_방어구_섀도우											
	51193	3129	0	0	0	0		//	루시페르_갑옷			
	51194	3130	0	0	0	0		//	루시페르_프로텍터			
	51195	3131	0	0	0	0		//	루시페르_헬멧			
	51196	3132	0	0	0	0		//	루시페르_바지			
	51197	3133	0	0	0	0		//	루시페르_부츠			
	51198	3134	0	0	0	0		//	루시페르_장갑			
	51199	3135	0	0	0	0		//	루시페르_벨트			
	51200	3136	0	0	0	0		//	루시페르_셔츠			
//	투사의엘리트1차_방어구_발키리											
	51201	3129	0	0	0	0		//	아스타로스_갑옷			
	51202	3130	0	0	0	0		//	아스타로스_프로텍터			
	51203	3131	0	0	0	0		//	아스타로스_헬멧			
	51204	3132	0	0	0	0		//	아스타로스_바지			
	51205	3133	0	0	0	0		//	아스타로스_부츠			
	51206	3134	0	0	0	0		//	아스타로스_장갑			
	51207	3135	0	0	0	0		//	아스타로스_벨트			
	51208	3136	0	0	0	0		//	아스타로스_셔츠			
//	투사의엘리트1차_방어구_앨라맨털											
	51209	3129	0	0	0	0		//	아즈_갑옷			
	51210	3130	0	0	0	0		//	아즈_프로텍터			
	51211	3131	0	0	0	0		//	아즈_헬멧			
	51212	3132	0	0	0	0		//	아즈_바지			
	51213	3133	0	0	0	0		//	아즈_부츠			
	51214	3134	0	0	0	0		//	아즈_장갑			
	51215	3135	0	0	0	0		//	아즈_벨트			
	51216	3136	0	0	0	0		//	아즈_셔츠			
//	투사의엘리트1차_방어구_미스틱											
	51383	3129	0	0	0	0		//	메피스토_갑옷			
	51384	3130	0	0	0	0		//	메피스토_프로텍터			
	51385	3131	0	0	0	0		//	메피스토_헬멧			
	51386	3132	0	0	0	0		//	메피스토_바지			
	51387	3133	0	0	0	0		//	메피스토_부츠			
	51388	3134	0	0	0	0		//	메피스토_장갑			
	51389	3135	0	0	0	0		//	메피스토_벨트			
	51390	3136	0	0	0	0		//	메피스토_셔츠			
//	투사의엘리트1차_방어구_헬로이드											
	51711	3129	0	0	0	0		//	아스모데우스_갑옷			
	51712	3130	0	0	0	0		//	아스모데우스_프로텍터			
	51713	3131	0	0	0	0		//	아스모데우스_헬멧			
	51714	3132	0	0	0	0		//	아스모데우스_바지			
	51715	3133	0	0	0	0		//	아스모데우스_부츠			
	51716	3134	0	0	0	0		//	아스모데우스_장갑			
	51717	3135	0	0	0	0		//	아스모데우스_벨트			
	51718	3136	0	0	0	0		//	아스모데우스_셔츠			
//	투사의엘리트1차_방어구_위치블레이드											
	57065	3129	0	0	0	0		//	나히드_갑옷			
	57066	3130	0	0	0	0		//	나히드_프로텍터			
	57067	3131	0	0	0	0		//	나히드_헬멧			
	57068	3132	0	0	0	0		//	나히드_바지			
	57069	3133	0	0	0	0		//	나히드_부츠			
	57070	3134	0	0	0	0		//	나히드_장갑			
	57071	3135	0	0	0	0		//	나히드_벨트			
	57072	3136	0	0	0	0		//	나히드_셔츠			
//	투사의엘리트2차_방어구_버서커											
	51401	3137	0	0	0	0		//	피로물든_아에시마데바_갑옷			
	51402	3138	0	0	0	0		//	피로물든_아에시마데바_프로텍터			
	51403	3139	0	0	0	0		//	피로물든_아에시마데바_헬멧			
	51404	3140	0	0	0	0		//	피로물든_아에시마데바_바지			
	51405	3141	0	0	0	0		//	피로물든_아에시마데바_부츠			
	51406	3142	0	0	0	0		//	피로물든_아에시마데바_장갑			
	51407	3143	0	0	0	0		//	피로물든_아에시마데바_벨트			
	51408	3144	0	0	0	0		//	피로물든_아에시마데바_셔츠			
//	투사의엘리트1차_방어구_드래곤나이트											
	51409	3137	0	0	0	0		//	피로물든_벨제뷔트_갑옷			
	51410	3138	0	0	0	0		//	피로물든_벨제뷔트_프로텍터			
	51411	3139	0	0	0	0		//	피로물든_벨제뷔트_헬멧			
	51412	3140	0	0	0	0		//	피로물든_벨제뷔트_바지			
	51413	3141	0	0	0	0		//	피로물든_벨제뷔트_부츠			
	51414	3142	0	0	0	0		//	피로물든_벨제뷔트_장갑			
	51415	3143	0	0	0	0		//	피로물든_벨제뷔트_벨트			
	51416	3144	0	0	0	0		//	피로물든_벨제뷔트_셔츠			
//	투사의엘리트1차_방어구_섀도우											
	51417	3137	0	0	0	0		//	피로물든_루시페르_갑옷			
	51418	3138	0	0	0	0		//	피로물든_루시페르_프로텍터			
	51419	3139	0	0	0	0		//	피로물든_루시페르_헬멧			
	51420	3140	0	0	0	0		//	피로물든_루시페르_바지			
	51421	3141	0	0	0	0		//	피로물든_루시페르_부츠			
	51422	3142	0	0	0	0		//	피로물든_루시페르_장갑			
	51423	3143	0	0	0	0		//	피로물든_루시페르_벨트			
	51424	3144	0	0	0	0		//	피로물든_루시페르_셔츠			
//	투사의엘리트1차_방어구_발키리											
	51425	3137	0	0	0	0		//	피로물든_아스타로스_갑옷			
	51426	3138	0	0	0	0		//	피로물든_아스타로스_프로텍터			
	51427	3139	0	0	0	0		//	피로물든_아스타로스_헬멧			
	51428	3140	0	0	0	0		//	피로물든_아스타로스_바지			
	51429	3141	0	0	0	0		//	피로물든_아스타로스_부츠			
	51430	3142	0	0	0	0		//	피로물든_아스타로스_장갑			
	51431	3143	0	0	0	0		//	피로물든_아스타로스_벨트			
	51432	3144	0	0	0	0		//	피로물든_아스타로스_셔츠			
//	투사의엘리트1차_방어구_엘리멘탈											
	51433	3137	0	0	0	0		//	피로물든_아즈_갑옷			
	51434	3138	0	0	0	0		//	피로물든_아즈_프로텍터			
	51435	3139	0	0	0	0		//	피로물든_아즈_헬멧			
	51436	3140	0	0	0	0		//	피로물든_아즈_바지			
	51437	3141	0	0	0	0		//	피로물든_아즈_부츠			
	51438	3142	0	0	0	0		//	피로물든_아즈_장갑			
	51439	3143	0	0	0	0		//	피로물든_아즈_벨트			
	51440	3144	0	0	0	0		//	피로물든_아즈_셔츠			
//	투사의엘리트1차_방어구_미스틱											
	51447	3137	0	0	0	0		//	피로물든_메피스토_갑옷			
	51448	3138	0	0	0	0		//	피로물든_메피스토_프로텍터			
	51449	3139	0	0	0	0		//	피로물든_메피스토_헬멧			
	51450	3140	0	0	0	0		//	피로물든_메피스토_바지			
	51451	3141	0	0	0	0		//	피로물든_메피스토_부츠			
	51452	3142	0	0	0	0		//	피로물든_메피스토_장갑			
	51453	3143	0	0	0	0		//	피로물든_메피스토_벨트			
	51454	3144	0	0	0	0		//	피로물든_메피스토_셔츠			
//	투사의엘리트1차_방어구_헬로이드											
	51719	3137	0	0	0	0		//	피로물든_아스모데우스_갑옷			
	51720	3138	0	0	0	0		//	피로물든_아스모데우스_프로텍터			
	51721	3139	0	0	0	0		//	피로물든_아스모데우스_헬멧			
	51722	3140	0	0	0	0		//	피로물든_아스모데우스_바지			
	51723	3141	0	0	0	0		//	피로물든_아스모데우스_부츠			
	51724	3142	0	0	0	0		//	피로물든_아스모데우스_장갑			
	51725	3143	0	0	0	0		//	피로물든_아스모데우스_벨트			
	51726	3144	0	0	0	0		//	피로물든_아스모데우스_셔츠			
//	투사의엘리트1차_방어구_위치블레이드											
	57073	3137	0	0	0	0		//	피로물든_나히드_갑옷			
	57074	3138	0	0	0	0		//	피로물든_나히드_프로텍터			
	57075	3139	0	0	0	0		//	피로물든_나히드_헬멧			
	57076	3140	0	0	0	0		//	피로물든_나히드_바지			
	57077	3141	0	0	0	0		//	피로물든_나히드_부츠			
	57078	3142	0	0	0	0		//	피로물든_나히드_장갑			
	57079	3143	0	0	0	0		//	피로물든_나히드_벨트			
	57080	3144	0	0	0	0		//	피로물든_나히드_셔츠			
//	엘리트4차_방어구_버서커											
	51823	3148	3150	3151	3154	2999		//	블라인_갑옷_29등급아이템			
	51824	3160	3164	3165	3166	3169		//	블라인_프로텍터_29등급아이템			
	51825	3149	3157	3152	3155	2999		//	블라인_헬멧_29등급아이템			
	51826	3149	3157	3153	3156	2999		//	블라인_바지_29등급아이템			
	51827	3159	3158	3161	3162	2999		//	블라인_부츠_29등급아이템			
	51828	3159	3158	3161	3163	2999		//	블라인_장갑_29등급아이템			
	51829	3160	3164	3165	3167	3169		//	블라인_벨트_29등급아이템			
	51830	3160	3164	3165	3168	3169		//	블라인_셔츠_29등급아이템			
//	엘리트4차_방어구_드래곤											
	51831	3148	3150	3151	3154	2999		//	군나르_갑옷_29등급아이템			
	51832	3160	3164	3165	3166	3169		//	군나르_프로텍터_29등급아이템			
	51833	3149	3157	3152	3155	2999		//	군나르_헬멧_29등급아이템			
	51834	3149	3157	3153	3156	2999		//	군나르_바지_29등급아이템			
	51835	3159	3158	3161	3162	2999		//	군나르_부츠_29등급아이템			
	51836	3159	3158	3161	3163	2999		//	군나르_장갑_29등급아이템			
	51837	3160	3164	3165	3167	3169		//	군나르_벨트_29등급아이템			
	51838	3160	3164	3165	3168	3169		//	군나르_셔츠_29등급아이템			
//	엘리트4차_방어구_엘리											
	51839	3148	3150	3151	3154	2999		//	린드_갑옷_29등급아이템			
	51840	3160	3164	3165	3166	3169		//	린드_프로텍터_29등급아이템			
	51841	3149	3157	3152	3155	2999		//	린드_헬멧_29등급아이템			
	51842	3149	3157	3153	3156	2999		//	린드_바지_29등급아이템			
	51843	3159	3158	3161	3162	2999		//	린드_부츠_29등급아이템			
	51844	3159	3158	3161	3163	2999		//	린드_장갑_29등급아이템			
	51845	3160	3164	3165	3167	3169		//	린드_벨트_29등급아이템			
	51846	3160	3164	3165	3168	3169		//	린드_셔츠_29등급아이템			
//	엘리트4차_방어구_발키리											
	51847	3148	3150	3151	3154	2999		//	그리드_갑옷_29등급아이템			
	51848	3160	3164	3165	3166	3169		//	그리드_프로텍터_29등급아이템			
	51849	3149	3157	3152	3155	2999		//	그리드_헬멧_29등급아이템			
	51850	3149	3157	3153	3156	2999		//	그리드_바지_29등급아이템			
	51851	3159	3158	3161	3162	2999		//	그리드_부츠_29등급아이템			
	51852	3159	3158	3161	3163	2999		//	그리드_장갑_29등급아이템			
	51853	3160	3164	3165	3167	3169		//	그리드_벨트_29등급아이템			
	51854	3160	3164	3165	3168	3169		//	그리드_셔츠_29등급아이템			
//	엘리트4차_방어구_섀도우											
	51855	3148	3150	3151	3154	2999		//	샤치_갑옷_29등급아이템			
	51856	3160	3164	3165	3166	3169		//	샤치_프로텍터_29등급아이템			
	51857	3149	3157	3152	3155	2999		//	샤치_헬멧_29등급아이템			
	51858	3149	3157	3153	3156	2999		//	샤치_바지_29등급아이템			
	51859	3159	3158	3161	3162	2999		//	샤치_부츠_29등급아이템			
	51860	3159	3158	3161	3163	2999		//	샤치_장갑_29등급아이템			
	51861	3160	3164	3165	3167	3169		//	샤치_벨트_29등급아이템			
	51862	3160	3164	3165	3168	3169		//	샤치_셔츠_29등급아이템			
//	엘리트4차_방어구_미스틱											
	51863	3148	3150	3151	3154	2999		//	이둔_갑옷_29등급아이템			
	51864	3160	3164	3165	3166	3169		//	이둔_프로텍터_29등급아이템			
	51865	3149	3157	3152	3155	2999		//	이둔_헬멧_29등급아이템			
	51866	3149	3157	3153	3156	2999		//	이둔_바지_29등급아이템			
	51867	3159	3158	3161	3162	2999		//	이둔_부츠_29등급아이템			
	51868	3159	3158	3161	3163	2999		//	이둔_장갑_29등급아이템			
	51869	3160	3164	3165	3167	3169		//	이둔_벨트_29등급아이템			
	51870	3160	3164	3165	3168	3169		//	이둔_셔츠_29등급아이템			
//	엘리트4차_방어구_헬로이드											
	51871	3148	3150	3151	3154	2999		//	볼룬드_갑옷_29등급아이템			
	51872	3160	3164	3165	3166	3169		//	볼룬드_프로텍터_29등급아이템			
	51873	3149	3157	3152	3155	2999		//	볼룬드_헬멧_29등급아이템			
	51874	3149	3157	3153	3156	2999		//	볼룬드_바지_29등급아이템			
	51875	3159	3158	3161	3162	2999		//	볼룬드_부츠_29등급아이템			
	51876	3159	3158	3161	3163	2999		//	볼룬드_장갑_29등급아이템			
	51877	3160	3164	3165	3167	3169		//	볼룬드_벨트_29등급아이템			
	51878	3160	3164	3165	3168	3169		//	볼룬드_셔츠_29등급아이템			
//	엘리트4차_방어구_위치블레이드											
	51879	3148	3150	3151	3154	2999		//	신마라_갑옷_29등급아이템			
	51880	3160	3164	3165	3166	3169		//	신마라_프로텍터_29등급아이템			
	51881	3149	3157	3152	3155	2999		//	신마라_헬멧_29등급아이템			
	51882	3149	3157	3153	3156	2999		//	신마라_바지_29등급아이템			
	51883	3159	3158	3161	3162	2999		//	신마라_부츠_29등급아이템			
	51884	3159	3158	3161	3163	2999		//	신마라_장갑_29등급아이템			
	51885	3160	3164	3165	3167	3169		//	신마라_벨트_29등급아이템			
	51886	3160	3164	3165	3168	3169		//	신마라_셔츠_29등급아이템			
