//서버저장 메모리를 줄이기 위한 스크립트					
//모든 랜덤옵션 스크립트를 요약한 것으로 서버 저장시 Key 값을 바탕으로 저장함으로써 저장메모리를 줄이기 위한 스크립트					
// 1~4095					
//순서					
//일반 key 1 ~ 2000					
Key	OptionTypeIndex	OptionTypeOrder	ValueIndex	ValueOrder	FieldEnd
1	1	1	1	1	
2	1	1	1	2	
3	1	1	1	3	
4	1	1	1	4	
5	1	1	1	5	
6	2	1	2	1	
7	2	1	2	2	
8	2	1	2	3	
9	2	1	2	4	
10	2	1	2	5	
11	3	1	3	1	
12	3	1	3	2	
13	3	1	3	3	
14	3	1	3	4	
15	3	1	3	5	
16	1	1	501	1	
17	1	1	501	2	
18	1	1	501	3	
19	1	1	501	4	
20	1	1	501	5	
21	2	1	502	1	
22	2	1	502	2	
23	2	1	502	3	
24	2	1	502	4	
25	2	1	502	5	
26	3	1	503	1	
27	3	1	503	2	
28	3	1	503	3	
29	3	1	503	4	
30	3	1	503	5	
31	4	1	1	1	
32	4	1	1	2	
33	4	1	1	3	
34	4	1	1	4	
35	4	1	1	5	
36	4	1	501	1	
37	4	1	501	2	
38	4	1	501	3	
39	4	1	501	4	
40	4	1	501	5	
41	5	1	3	1	
42	5	1	3	2	
43	5	1	3	3	
44	5	1	3	4	
45	5	1	3	5	
46	5	1	503	1	
47	5	1	503	2	
48	5	1	503	3	
49	5	1	503	4	
50	5	1	503	5	
51	6	1	1	1	
52	6	1	1	2	
53	6	1	1	3	
54	6	1	1	4	
55	6	1	1	5	
56	6	1	501	1	
57	6	1	501	2	
58	6	1	501	3	
59	6	1	501	4	
60	6	1	501	5	
61	7	1	4	1	
62	7	1	4	2	
63	7	1	4	3	
64	7	1	4	4	
65	7	1	4	5	
66	7	1	504	1	
67	7	1	504	2	
68	7	1	504	3	
69	7	1	504	4	
70	7	1	504	5	
71	101	1	1001	1	
72	101	1	1001	2	
73	101	1	1001	3	
74	101	1	1001	4	
75	101	1	1001	5	
76	102	1	1002	1	
77	102	1	1002	2	
78	102	1	1002	3	
79	102	1	1002	4	
80	102	1	1002	5	
81	103	1	1003	1	
82	103	1	1003	2	
83	103	1	1003	3	
84	103	1	1003	4	
85	103	1	1003	5	
86	104	1	1004	1	
87	104	1	1004	2	
88	104	1	1004	3	
89	104	1	1004	4	
90	104	1	1004	5	
91	105	1	1005	1	
92	105	1	1005	2	
93	105	1	1005	3	
94	105	1	1005	4	
95	105	1	1005	5	
96	106	1	1006	1	
97	106	1	1006	2	
98	106	1	1006	3	
99	106	1	1006	4	
100	106	1	1006	5	
101	107	1	1007	1	
102	107	1	1007	2	
103	107	1	1007	3	
104	107	1	1007	4	
105	107	1	1007	5	
106	108	1	1008	1	
107	108	1	1008	2	
108	108	1	1008	3	
109	108	1	1008	4	
110	108	1	1008	5	
111	109	1	1009	1	
112	109	1	1009	2	
113	109	1	1009	3	
114	109	1	1009	4	
115	109	1	1009	5	
116	110	1	1010	1	
117	110	1	1010	2	
118	110	1	1010	3	
119	110	1	1010	4	
120	110	1	1010	5	
121	111	1	1011	1	
122	111	1	1011	2	
123	111	1	1011	3	
124	111	1	1011	4	
125	111	1	1011	5	
126	112	1	1012	1	
127	112	1	1012	2	
128	112	1	1012	3	
129	112	1	1012	4	
130	112	1	1012	5	
131	113	1	1013	1	
132	113	1	1013	2	
133	113	1	1013	3	
134	113	1	1013	4	
135	113	1	1013	5	
136	114	1	1014	1	
137	114	1	1014	2	
138	114	1	1014	3	
139	114	1	1014	4	
140	114	1	1014	5	
141	115	1	1015	1	
142	115	1	1015	2	
143	115	1	1015	3	
144	115	1	1015	4	
145	115	1	1015	5	
146	116	1	1016	1	
147	116	1	1016	2	
148	116	1	1016	3	
149	116	1	1016	4	
150	116	1	1016	5	
151	117	1	1017	1	
152	117	1	1017	2	
153	117	1	1017	3	
154	117	1	1017	4	
155	117	1	1017	5	
156	118	1	1018	1	
157	118	1	1018	2	
158	118	1	1018	3	
159	118	1	1018	4	
160	118	1	1018	5	
161	201	1	1001	1	
162	201	1	1001	2	
163	201	1	1001	3	
164	201	1	1001	4	
165	201	1	1001	5	
166	202	1	1002	1	
167	202	1	1002	2	
168	202	1	1002	3	
169	202	1	1002	4	
170	202	1	1002	5	
171	203	1	1003	1	
172	203	1	1003	2	
173	203	1	1003	3	
174	203	1	1003	4	
175	203	1	1003	5	
176	204	1	1004	1	
177	204	1	1004	2	
178	204	1	1004	3	
179	204	1	1004	4	
180	204	1	1004	5	
181	205	1	1005	1	
182	205	1	1005	2	
183	205	1	1005	3	
184	205	1	1005	4	
185	205	1	1005	5	
186	206	1	1030	1	
187	206	1	1030	2	
188	206	1	1030	3	
189	206	1	1030	4	
190	206	1	1030	5	
191	301	1	1001	1	
192	301	1	1001	2	
193	301	1	1001	3	
194	301	1	1001	4	
195	301	1	1001	5	
196	302	1	1002	1	
197	302	1	1002	2	
198	302	1	1002	3	
199	302	1	1002	4	
200	302	1	1002	5	
201	303	1	1003	1	
202	303	1	1003	2	
203	303	1	1003	3	
204	303	1	1003	4	
205	303	1	1003	5	
206	304	1	1004	1	
207	304	1	1004	2	
208	304	1	1004	3	
209	304	1	1004	4	
210	304	1	1004	5	
211	305	1	1005	1	
212	305	1	1005	2	
213	305	1	1005	3	
214	305	1	1005	4	
215	305	1	1005	5	
216	306	1	1030	1	
217	306	1	1030	2	
218	306	1	1030	3	
219	306	1	1030	4	
220	306	1	1030	5	
221	401	1	1001	1	
222	401	1	1001	2	
223	401	1	1001	3	
224	401	1	1001	4	
225	401	1	1001	5	
226	402	1	1002	1	
227	402	1	1002	2	
228	402	1	1002	3	
229	402	1	1002	4	
230	402	1	1002	5	
231	403	1	1003	1	
232	403	1	1003	2	
233	403	1	1003	3	
234	403	1	1003	4	
235	403	1	1003	5	
236	404	1	1004	1	
237	404	1	1004	2	
238	404	1	1004	3	
239	404	1	1004	4	
240	404	1	1004	5	
241	405	1	1005	1	
242	405	1	1005	2	
243	405	1	1005	3	
244	405	1	1005	4	
245	405	1	1005	5	
246	406	1	1030	1	
247	406	1	1030	2	
248	406	1	1030	3	
249	406	1	1030	4	
250	406	1	1030	5	
251	501	1	1001	1	
252	501	1	1001	2	
253	501	1	1001	3	
254	501	1	1001	4	
255	501	1	1001	5	
256	502	1	1002	1	
257	502	1	1002	2	
258	502	1	1002	3	
259	502	1	1002	4	
260	502	1	1002	5	
261	503	1	1003	1	
262	503	1	1003	2	
263	503	1	1003	3	
264	503	1	1003	4	
265	503	1	1003	5	
266	504	1	1004	1	
267	504	1	1004	2	
268	504	1	1004	3	
269	504	1	1004	4	
270	504	1	1004	5	
271	505	1	1005	1	
272	505	1	1005	2	
273	505	1	1005	3	
274	505	1	1005	4	
275	505	1	1005	5	
276	506	1	1030	1	
277	506	1	1030	2	
278	506	1	1030	3	
279	506	1	1030	4	
280	506	1	1030	5	
281	601	1	1001	1	
282	601	1	1001	2	
283	601	1	1001	3	
284	601	1	1001	4	
285	601	1	1001	5	
286	602	1	1002	1	
287	602	1	1002	2	
288	602	1	1002	3	
289	602	1	1002	4	
290	602	1	1002	5	
291	603	1	1003	1	
292	603	1	1003	2	
293	603	1	1003	3	
294	603	1	1003	4	
295	603	1	1003	5	
296	604	1	1004	1	
297	604	1	1004	2	
298	604	1	1004	3	
299	604	1	1004	4	
300	604	1	1004	5	
301	605	1	1005	1	
302	605	1	1005	2	
303	605	1	1005	3	
304	605	1	1005	4	
305	605	1	1005	5	
306	606	1	1030	1	
307	606	1	1030	2	
308	606	1	1030	3	
309	606	1	1030	4	
310	606	1	1030	5	
311	701	1	1001	1	
312	701	1	1001	2	
313	701	1	1001	3	
314	701	1	1001	4	
315	701	1	1001	5	
316	702	1	1002	1	
317	702	1	1002	2	
318	702	1	1002	3	
319	702	1	1002	4	
320	702	1	1002	5	
321	703	1	1003	1	
322	703	1	1003	2	
323	703	1	1003	3	
324	703	1	1003	4	
325	703	1	1003	5	
326	704	1	1004	1	
327	704	1	1004	2	
328	704	1	1004	3	
329	704	1	1004	4	
330	704	1	1004	5	
331	705	1	1005	1	
332	705	1	1005	2	
333	705	1	1005	3	
334	705	1	1005	4	
335	705	1	1005	5	
336	706	1	1006	1	
337	706	1	1006	2	
338	706	1	1006	3	
339	706	1	1006	4	
340	706	1	1006	5	
341	707	1	1007	1	
342	707	1	1007	2	
343	707	1	1007	3	
344	707	1	1007	4	
345	707	1	1007	5	
346	751	1	1001	1	
347	751	1	1001	2	
348	751	1	1001	3	
349	751	1	1001	4	
350	751	1	1001	5	
351	752	1	1002	1	
352	752	1	1002	2	
353	752	1	1002	3	
354	752	1	1002	4	
355	752	1	1002	5	
356	753	1	1003	1	
357	753	1	1003	2	
358	753	1	1003	3	
359	753	1	1003	4	
360	753	1	1003	5	
361	754	1	1004	1	
362	754	1	1004	2	
363	754	1	1004	3	
364	754	1	1004	4	
365	754	1	1004	5	
366	755	1	1005	1	
367	755	1	1005	2	
368	755	1	1005	3	
369	755	1	1005	4	
370	755	1	1005	5	
371	756	1	1006	1	
372	756	1	1006	2	
373	756	1	1006	3	
374	756	1	1006	4	
375	756	1	1006	5	
376	757	1	1007	1	
377	757	1	1007	2	
378	757	1	1007	3	
379	757	1	1007	4	
380	757	1	1007	5	
381	801	1	1005	1	
382	801	1	1005	2	
383	801	1	1005	3	
384	801	1	1005	4	
385	801	1	1005	5	
386	802	1	1006	1	
387	802	1	1006	2	
388	802	1	1006	3	
389	802	1	1006	4	
390	802	1	1006	5	
391	803	1	1007	1	
392	803	1	1007	2	
393	803	1	1007	3	
394	803	1	1007	4	
395	803	1	1007	5	
396	804	1	1008	1	
397	804	1	1008	2	
398	804	1	1008	3	
399	804	1	1008	4	
400	804	1	1008	5	
401	805	1	1009	1	
402	805	1	1009	2	
403	805	1	1009	3	
404	805	1	1009	4	
405	805	1	1009	5	
406	806	1	1010	1	
407	806	1	1010	2	
408	806	1	1010	3	
409	806	1	1010	4	
410	806	1	1010	5	
411	851	1	1005	1	
412	851	1	1005	2	
413	851	1	1005	3	
414	851	1	1005	4	
415	851	1	1005	5	
416	852	1	1006	1	
417	852	1	1006	2	
418	852	1	1006	3	
419	852	1	1006	4	
420	852	1	1006	5	
421	853	1	1007	1	
422	853	1	1007	2	
423	853	1	1007	3	
424	853	1	1007	4	
425	853	1	1007	5	
426	854	1	1008	1	
427	854	1	1008	2	
428	854	1	1008	3	
429	854	1	1008	4	
430	854	1	1008	5	
431	855	1	1009	1	
432	855	1	1009	2	
433	855	1	1009	3	
434	855	1	1009	4	
435	855	1	1009	5	
436	856	1	1010	1	
437	856	1	1010	2	
438	856	1	1010	3	
439	856	1	1010	4	
440	856	1	1010	5	
441	901	1	1005	1	
442	901	1	1005	2	
443	901	1	1005	3	
444	901	1	1005	4	
445	901	1	1005	5	
446	902	1	1006	1	
447	902	1	1006	2	
448	902	1	1006	3	
449	902	1	1006	4	
450	902	1	1006	5	
451	903	1	1007	1	
452	903	1	1007	2	
453	903	1	1007	3	
454	903	1	1007	4	
455	903	1	1007	5	
456	904	1	1008	1	
457	904	1	1008	2	
458	904	1	1008	3	
459	904	1	1008	4	
460	904	1	1008	5	
461	905	1	1009	1	
462	905	1	1009	2	
463	905	1	1009	3	
464	905	1	1009	4	
465	905	1	1009	5	
466	906	1	1010	1	
467	906	1	1010	2	
468	906	1	1010	3	
469	906	1	1010	4	
470	906	1	1010	5	
471	951	1	1005	1	
472	951	1	1005	2	
473	951	1	1005	3	
474	951	1	1005	4	
475	951	1	1005	5	
476	952	1	1006	1	
477	952	1	1006	2	
478	952	1	1006	3	
479	952	1	1006	4	
480	952	1	1006	5	
481	953	1	1007	1	
482	953	1	1007	2	
483	953	1	1007	3	
484	953	1	1007	4	
485	953	1	1007	5	
486	954	1	1008	1	
487	954	1	1008	2	
488	954	1	1008	3	
489	954	1	1008	4	
490	954	1	1008	5	
491	955	1	1009	1	
492	955	1	1009	2	
493	955	1	1009	3	
494	955	1	1009	4	
495	955	1	1009	5	
496	956	1	1010	1	
497	956	1	1010	2	
498	956	1	1010	3	
499	956	1	1010	4	
500	956	1	1010	5	
501	1001	1	1005	1	
502	1001	1	1005	2	
503	1001	1	1005	3	
504	1001	1	1005	4	
505	1001	1	1005	5	
506	1002	1	1006	1	
507	1002	1	1006	2	
508	1002	1	1006	3	
509	1002	1	1006	4	
510	1002	1	1006	5	
511	1003	1	1007	1	
512	1003	1	1007	2	
513	1003	1	1007	3	
514	1003	1	1007	4	
515	1003	1	1007	5	
516	1004	1	1008	1	
517	1004	1	1008	2	
518	1004	1	1008	3	
519	1004	1	1008	4	
520	1004	1	1008	5	
521	1005	1	1009	1	
522	1005	1	1009	2	
523	1005	1	1009	3	
524	1005	1	1009	4	
525	1005	1	1009	5	
526	1006	1	1010	1	
527	1006	1	1010	2	
528	1006	1	1010	3	
529	1006	1	1010	4	
530	1006	1	1010	5	
531	1051	1	1005	1	
532	1051	1	1005	2	
533	1051	1	1005	3	
534	1051	1	1005	4	
535	1051	1	1005	5	
536	1052	1	1006	1	
537	1052	1	1006	2	
538	1052	1	1006	3	
539	1052	1	1006	4	
540	1052	1	1006	5	
541	1053	1	1007	1	
542	1053	1	1007	2	
543	1053	1	1007	3	
544	1053	1	1007	4	
545	1053	1	1007	5	
546	1054	1	1008	1	
547	1054	1	1008	2	
548	1054	1	1008	3	
549	1054	1	1008	4	
550	1054	1	1008	5	
551	1055	1	1009	1	
552	1055	1	1009	2	
553	1055	1	1009	3	
554	1055	1	1009	4	
555	1055	1	1009	5	
556	1056	1	1010	1	
557	1056	1	1010	2	
558	1056	1	1010	3	
559	1056	1	1010	4	
560	1056	1	1010	5	
561	1101	1	1005	1	
562	1101	1	1005	2	
563	1101	1	1005	3	
564	1101	1	1005	4	
565	1101	1	1005	5	
566	1102	1	1006	1	
567	1102	1	1006	2	
568	1102	1	1006	3	
569	1102	1	1006	4	
570	1102	1	1006	5	
571	1103	1	1007	1	
572	1103	1	1007	2	
573	1103	1	1007	3	
574	1103	1	1007	4	
575	1103	1	1007	5	
576	1104	1	1008	1	
577	1104	1	1008	2	
578	1104	1	1008	3	
579	1104	1	1008	4	
580	1104	1	1008	5	
581	1105	1	1009	1	
582	1105	1	1009	2	
583	1105	1	1009	3	
584	1105	1	1009	4	
585	1105	1	1009	5	
586	1106	1	1010	1	
587	1106	1	1010	2	
588	1106	1	1010	3	
589	1106	1	1010	4	
590	1106	1	1010	5	
591	1150	1	1030	1	
592	1150	1	1030	2	
593	1150	1	1030	3	
594	1150	1	1030	4	
595	1150	1	1030	5	
596	1151	1	1001	1	
597	1151	1	1001	2	
598	1151	1	1001	3	
599	1151	1	1001	4	
600	1151	1	1001	5	
601	1152	1	1002	1	
602	1152	1	1002	2	
603	1152	1	1002	3	
604	1152	1	1002	4	
605	1152	1	1002	5	
606	1153	1	1003	1	
607	1153	1	1003	2	
608	1153	1	1003	3	
609	1153	1	1003	4	
610	1153	1	1003	5	
611	1154	1	1004	1	
612	1154	1	1004	2	
613	1154	1	1004	3	
614	1154	1	1004	4	
615	1154	1	1004	5	
616	1155	1	1005	1	
617	1155	1	1005	2	
618	1155	1	1005	3	
619	1155	1	1005	4	
620	1155	1	1005	5	
621	1156	1	1006	1	
622	1156	1	1006	2	
623	1156	1	1006	3	
624	1156	1	1006	4	
625	1156	1	1006	5	
626	1157	1	1007	1	
627	1157	1	1007	2	
628	1157	1	1007	3	
629	1157	1	1007	4	
630	1157	1	1007	5	
631	1158	1	1008	1	
632	1158	1	1008	2	
633	1158	1	1008	3	
634	1158	1	1008	4	
635	1158	1	1008	5	
636	1159	1	1009	1	
637	1159	1	1009	2	
638	1159	1	1009	3	
639	1159	1	1009	4	
640	1159	1	1009	5	
641	1160	1	1010	1	
642	1160	1	1010	2	
643	1160	1	1010	3	
644	1160	1	1010	4	
645	1160	1	1010	5	
646	1161	1	1011	1	
647	1161	1	1011	2	
648	1161	1	1011	3	
649	1161	1	1011	4	
650	1161	1	1011	5	
651	1162	1	1012	1	
652	1162	1	1012	2	
653	1162	1	1012	3	
654	1162	1	1012	4	
655	1162	1	1012	5	
656	1163	1	1013	1	
657	1163	1	1013	2	
658	1163	1	1013	3	
659	1163	1	1013	4	
660	1163	1	1013	5	
661	1164	1	1014	1	
662	1164	1	1014	2	
663	1164	1	1014	3	
664	1164	1	1014	4	
665	1164	1	1014	5	
666	1165	1	1015	1	
667	1165	1	1015	2	
668	1165	1	1015	3	
669	1165	1	1015	4	
670	1165	1	1015	5	
671	1166	1	1016	1	
672	1166	1	1016	2	
673	1166	1	1016	3	
674	1166	1	1016	4	
675	1166	1	1016	5	
676	1167	1	1017	1	
677	1167	1	1017	2	
678	1167	1	1017	3	
679	1167	1	1017	4	
680	1167	1	1017	5	
681	1168	1	1018	1	
682	1168	1	1018	2	
683	1168	1	1018	3	
684	1168	1	1018	4	
685	1168	1	1018	5	
686	1201	1	1001	1	
687	1201	1	1001	2	
688	1201	1	1001	3	
689	1201	1	1001	4	
690	1201	1	1001	5	
691	1202	1	1002	1	
692	1202	1	1002	2	
693	1202	1	1002	3	
694	1202	1	1002	4	
695	1202	1	1002	5	
696	1203	1	1003	1	
697	1203	1	1003	2	
698	1203	1	1003	3	
699	1203	1	1003	4	
700	1203	1	1003	5	
701	1204	1	1004	1	
702	1204	1	1004	2	
703	1204	1	1004	3	
704	1204	1	1004	4	
705	1204	1	1004	5	
706	1205	1	1005	1	
707	1205	1	1005	2	
708	1205	1	1005	3	
709	1205	1	1005	4	
710	1205	1	1005	5	
711	1206	1	1006	1	
712	1206	1	1006	2	
713	1206	1	1006	3	
714	1206	1	1006	4	
715	1206	1	1006	5	
716	1207	1	1007	1	
717	1207	1	1007	2	
718	1207	1	1007	3	
719	1207	1	1007	4	
720	1207	1	1007	5	
721	1208	1	1008	1	
722	1208	1	1008	2	
723	1208	1	1008	3	
724	1208	1	1008	4	
725	1208	1	1008	5	
726	1209	1	1009	1	
727	1209	1	1009	2	
728	1209	1	1009	3	
729	1209	1	1009	4	
730	1209	1	1009	5	
731	1210	1	1010	1	
732	1210	1	1010	2	
733	1210	1	1010	3	
734	1210	1	1010	4	
735	1210	1	1010	5	
736	1211	1	1011	1	
737	1211	1	1011	2	
738	1211	1	1011	3	
739	1211	1	1011	4	
740	1211	1	1011	5	
741	1212	1	1012	1	
742	1212	1	1012	2	
743	1212	1	1012	3	
744	1212	1	1012	4	
745	1212	1	1012	5	
746	1213	1	1013	1	
747	1213	1	1013	2	
748	1213	1	1013	3	
749	1213	1	1013	4	
750	1213	1	1013	5	
751	1214	1	1014	1	
752	1214	1	1014	2	
753	1214	1	1014	3	
754	1214	1	1014	4	
755	1214	1	1014	5	
756	1215	1	1015	1	
757	1215	1	1015	2	
758	1215	1	1015	3	
759	1215	1	1015	4	
760	1215	1	1015	5	
761	1216	1	1016	1	
762	1216	1	1016	2	
763	1216	1	1016	3	
764	1216	1	1016	4	
765	1216	1	1016	5	
766	1217	1	1017	1	
767	1217	1	1017	2	
768	1217	1	1017	3	
769	1217	1	1017	4	
770	1217	1	1017	5	
771	1218	1	1018	1	
772	1218	1	1018	2	
773	1218	1	1018	3	
774	1218	1	1018	4	
775	1218	1	1018	5	
776	1251	1	1001	1	
777	1251	1	1001	2	
778	1251	1	1001	3	
779	1251	1	1001	4	
780	1251	1	1001	5	
781	1252	1	1002	1	
782	1252	1	1002	2	
783	1252	1	1002	3	
784	1252	1	1002	4	
785	1252	1	1002	5	
786	1253	1	1003	1	
787	1253	1	1003	2	
788	1253	1	1003	3	
789	1253	1	1003	4	
790	1253	1	1003	5	
791	1254	1	1004	1	
792	1254	1	1004	2	
793	1254	1	1004	3	
794	1254	1	1004	4	
795	1254	1	1004	5	
796	1255	1	1005	1	
797	1255	1	1005	2	
798	1255	1	1005	3	
799	1255	1	1005	4	
800	1255	1	1005	5	
801	1256	1	1006	1	
802	1256	1	1006	2	
803	1256	1	1006	3	
804	1256	1	1006	4	
805	1256	1	1006	5	
806	1257	1	1007	1	
807	1257	1	1007	2	
808	1257	1	1007	3	
809	1257	1	1007	4	
810	1257	1	1007	5	
811	1258	1	1008	1	
812	1258	1	1008	2	
813	1258	1	1008	3	
814	1258	1	1008	4	
815	1258	1	1008	5	
816	1259	1	1009	1	
817	1259	1	1009	2	
818	1259	1	1009	3	
819	1259	1	1009	4	
820	1259	1	1009	5	
821	1260	1	1010	1	
822	1260	1	1010	2	
823	1260	1	1010	3	
824	1260	1	1010	4	
825	1260	1	1010	5	
826	1261	1	1011	1	
827	1261	1	1011	2	
828	1261	1	1011	3	
829	1261	1	1011	4	
830	1261	1	1011	5	
831	1262	1	1012	1	
832	1262	1	1012	2	
833	1262	1	1012	3	
834	1262	1	1012	4	
835	1262	1	1012	5	
836	1263	1	1013	1	
837	1263	1	1013	2	
838	1263	1	1013	3	
839	1263	1	1013	4	
840	1263	1	1013	5	
841	1264	1	1014	1	
842	1264	1	1014	2	
843	1264	1	1014	3	
844	1264	1	1014	4	
845	1264	1	1014	5	
846	1265	1	1015	1	
847	1265	1	1015	2	
848	1265	1	1015	3	
849	1265	1	1015	4	
850	1265	1	1015	5	
851	1266	1	1016	1	
852	1266	1	1016	2	
853	1266	1	1016	3	
854	1266	1	1016	4	
855	1266	1	1016	5	
856	1267	1	1017	1	
857	1267	1	1017	2	
858	1267	1	1017	3	
859	1267	1	1017	4	
860	1267	1	1017	5	
861	1268	1	1018	1	
862	1268	1	1018	2	
863	1268	1	1018	3	
864	1268	1	1018	4	
865	1268	1	1018	5	
866	1301	1	1001	1	
867	1301	1	1001	2	
868	1301	1	1001	3	
869	1301	1	1001	4	
870	1301	1	1001	5	
871	1302	1	1002	1	
872	1302	1	1002	2	
873	1302	1	1002	3	
874	1302	1	1002	4	
875	1302	1	1002	5	
876	1303	1	1003	1	
877	1303	1	1003	2	
878	1303	1	1003	3	
879	1303	1	1003	4	
880	1303	1	1003	5	
881	1304	1	1004	1	
882	1304	1	1004	2	
883	1304	1	1004	3	
884	1304	1	1004	4	
885	1304	1	1004	5	
886	1305	1	1005	1	
887	1305	1	1005	2	
888	1305	1	1005	3	
889	1305	1	1005	4	
890	1305	1	1005	5	
891	1306	1	1006	1	
892	1306	1	1006	2	
893	1306	1	1006	3	
894	1306	1	1006	4	
895	1306	1	1006	5	
896	1307	1	1007	1	
897	1307	1	1007	2	
898	1307	1	1007	3	
899	1307	1	1007	4	
900	1307	1	1007	5	
901	1308	1	1008	1	
902	1308	1	1008	2	
903	1308	1	1008	3	
904	1308	1	1008	4	
905	1308	1	1008	5	
906	1309	1	1009	1	
907	1309	1	1009	2	
908	1309	1	1009	3	
909	1309	1	1009	4	
910	1309	1	1009	5	
911	1310	1	1010	1	
912	1310	1	1010	2	
913	1310	1	1010	3	
914	1310	1	1010	4	
915	1310	1	1010	5	
916	1311	1	1011	1	
917	1311	1	1011	2	
918	1311	1	1011	3	
919	1311	1	1011	4	
920	1311	1	1011	5	
921	1312	1	1012	1	
922	1312	1	1012	2	
923	1312	1	1012	3	
924	1312	1	1012	4	
925	1312	1	1012	5	
926	1313	1	1013	1	
927	1313	1	1013	2	
928	1313	1	1013	3	
929	1313	1	1013	4	
930	1313	1	1013	5	
931	1314	1	1014	1	
932	1314	1	1014	2	
933	1314	1	1014	3	
934	1314	1	1014	4	
935	1314	1	1014	5	
936	1315	1	1015	1	
937	1315	1	1015	2	
938	1315	1	1015	3	
939	1315	1	1015	4	
940	1315	1	1015	5	
941	1316	1	1016	1	
942	1316	1	1016	2	
943	1316	1	1016	3	
944	1316	1	1016	4	
945	1316	1	1016	5	
946	1317	1	1017	1	
947	1317	1	1017	2	
948	1317	1	1017	3	
949	1317	1	1017	4	
950	1317	1	1017	5	
951	1318	1	1018	1	
952	1318	1	1018	2	
953	1318	1	1018	3	
954	1318	1	1018	4	
955	1318	1	1018	5	
956	1351	1	2000	1	
957	1352	1	2000	1	
958	1501	1	1201	1	
959	1501	1	1201	2	
960	1501	1	1201	3	
961	1501	1	1201	4	
962	1501	1	1201	5	
963	1502	1	1202	1	
964	1502	1	1202	2	
965	1502	1	1202	3	
966	1502	1	1202	4	
967	1502	1	1202	5	
968	1503	1	1203	1	
969	1503	1	1203	2	
970	1503	1	1203	3	
971	1503	1	1203	4	
972	1503	1	1203	5	
973	1504	1	1204	1	
974	1504	1	1204	2	
975	1504	1	1204	3	
976	1504	1	1204	4	
977	1504	1	1204	5	
978	1505	1	1205	1	
979	1505	1	1205	2	
980	1505	1	1205	3	
981	1505	1	1205	4	
982	1505	1	1205	5	
983	1506	1	1206	1	
984	1506	1	1206	2	
985	1506	1	1206	3	
986	1506	1	1206	4	
987	1506	1	1206	5	
988	1507	1	1207	1	
989	1507	1	1207	2	
990	1507	1	1207	3	
991	1507	1	1207	4	
992	1507	1	1207	5	
993	1508	1	1208	1	
994	1508	1	1208	2	
995	1508	1	1208	3	
996	1508	1	1208	4	
997	1508	1	1208	5	
998	1509	1	1302	1	
999	1509	1	1302	2	
1000	1509	1	1302	3	
1001	1509	1	1302	4	
1002	1509	1	1302	5	
1003	1510	1	1303	1	
1004	1510	1	1303	2	
1005	1510	1	1303	3	
1006	1510	1	1303	4	
1007	1510	1	1303	5	
1008	1511	1	1304	1	
1009	1511	1	1304	2	
1010	1511	1	1304	3	
1011	1511	1	1304	4	
1012	1511	1	1304	5	
1013	1512	1	1305	1	
1014	1512	1	1305	2	
1015	1512	1	1305	3	
1016	1512	1	1305	4	
1017	1512	1	1305	5	
1018	1513	1	1306	1	
1019	1513	1	1306	2	
1020	1513	1	1306	3	
1021	1513	1	1306	4	
1022	1513	1	1306	5	
1023	1514	1	1307	1	
1024	1514	1	1307	2	
1025	1514	1	1307	3	
1026	1514	1	1307	4	
1027	1514	1	1307	5	
1028	1515	1	1308	1	
1029	1515	1	1308	2	
1030	1515	1	1308	3	
1031	1515	1	1308	4	
1032	1515	1	1308	5	
1033	1516	1	1309	1	
1034	1516	1	1309	2	
1035	1516	1	1309	3	
1036	1516	1	1309	4	
1037	1516	1	1309	5	
1038	1517	1	1310	1	
1039	1517	1	1310	2	
1040	1517	1	1310	3	
1041	1517	1	1310	4	
1042	1517	1	1310	5	
1043	1518	1	1311	1	
1044	1518	1	1311	2	
1045	1518	1	1311	3	
1046	1518	1	1311	4	
1047	1518	1	1311	5	
1048	1519	1	1312	1	
1049	1519	1	1312	2	
1050	1519	1	1312	3	
1051	1519	1	1312	4	
1052	1519	1	1312	5	
1053	1601	1	1201	1	
1054	1601	1	1201	2	
1055	1601	1	1201	3	
1056	1601	1	1201	4	
1057	1601	1	1201	5	
1058	1602	1	1202	1	
1059	1602	1	1202	2	
1060	1602	1	1202	3	
1061	1602	1	1202	4	
1062	1602	1	1202	5	
1063	1603	1	1203	1	
1064	1603	1	1203	2	
1065	1603	1	1203	3	
1066	1603	1	1203	4	
1067	1603	1	1203	5	
1068	1604	1	1204	1	
1069	1604	1	1204	2	
1070	1604	1	1204	3	
1071	1604	1	1204	4	
1072	1604	1	1204	5	
1073	1605	1	1205	1	
1074	1605	1	1205	2	
1075	1605	1	1205	3	
1076	1605	1	1205	4	
1077	1605	1	1205	5	
1078	1606	1	1206	1	
1079	1606	1	1206	2	
1080	1606	1	1206	3	
1081	1606	1	1206	4	
1082	1606	1	1206	5	
1083	1607	1	1207	1	
1084	1607	1	1207	2	
1085	1607	1	1207	3	
1086	1607	1	1207	4	
1087	1607	1	1207	5	
1088	1608	1	1208	1	
1089	1608	1	1208	2	
1090	1608	1	1208	3	
1091	1608	1	1208	4	
1092	1608	1	1208	5	
1093	1609	1	1302	1	
1094	1609	1	1302	2	
1095	1609	1	1302	3	
1096	1609	1	1302	4	
1097	1609	1	1302	5	
1098	1610	1	1303	1	
1099	1610	1	1303	2	
1100	1610	1	1303	3	
1101	1610	1	1303	4	
1102	1610	1	1303	5	
1103	1611	1	1304	1	
1104	1611	1	1304	2	
1105	1611	1	1304	3	
1106	1611	1	1304	4	
1107	1611	1	1304	5	
1108	1612	1	1305	1	
1109	1612	1	1305	2	
1110	1612	1	1305	3	
1111	1612	1	1305	4	
1112	1612	1	1305	5	
1113	1613	1	1306	1	
1114	1613	1	1306	2	
1115	1613	1	1306	3	
1116	1613	1	1306	4	
1117	1613	1	1306	5	
1118	1614	1	1307	1	
1119	1614	1	1307	2	
1120	1614	1	1307	3	
1121	1614	1	1307	4	
1122	1614	1	1307	5	
1123	1615	1	1308	1	
1124	1615	1	1308	2	
1125	1615	1	1308	3	
1126	1615	1	1308	4	
1127	1615	1	1308	5	
1128	1616	1	1309	1	
1129	1616	1	1309	2	
1130	1616	1	1309	3	
1131	1616	1	1309	4	
1132	1616	1	1309	5	
1133	1617	1	1310	1	
1134	1617	1	1310	2	
1135	1617	1	1310	3	
1136	1617	1	1310	4	
1137	1617	1	1310	5	
1138	1618	1	1311	1	
1139	1618	1	1311	2	
1140	1618	1	1311	3	
1141	1618	1	1311	4	
1142	1618	1	1311	5	
1143	1619	1	1312	1	
1144	1619	1	1312	2	
1145	1619	1	1312	3	
1146	1619	1	1312	4	
1147	1619	1	1312	5	
1148	1701	1	1201	1	
1149	1701	1	1201	2	
1150	1701	1	1201	3	
1151	1701	1	1201	4	
1152	1701	1	1201	5	
1153	1702	1	1202	1	
1154	1702	1	1202	2	
1155	1702	1	1202	3	
1156	1702	1	1202	4	
1157	1702	1	1202	5	
1158	1703	1	1203	1	
1159	1703	1	1203	2	
1160	1703	1	1203	3	
1161	1703	1	1203	4	
1162	1703	1	1203	5	
1163	1704	1	1204	1	
1164	1704	1	1204	2	
1165	1704	1	1204	3	
1166	1704	1	1204	4	
1167	1704	1	1204	5	
1168	1705	1	1205	1	
1169	1705	1	1205	2	
1170	1705	1	1205	3	
1171	1705	1	1205	4	
1172	1705	1	1205	5	
1173	1706	1	1206	1	
1174	1706	1	1206	2	
1175	1706	1	1206	3	
1176	1706	1	1206	4	
1177	1706	1	1206	5	
1178	1707	1	1207	1	
1179	1707	1	1207	2	
1180	1707	1	1207	3	
1181	1707	1	1207	4	
1182	1707	1	1207	5	
1183	1708	1	1208	1	
1184	1708	1	1208	2	
1185	1708	1	1208	3	
1186	1708	1	1208	4	
1187	1708	1	1208	5	
1188	1709	1	1302	1	
1189	1709	1	1302	2	
1190	1709	1	1302	3	
1191	1709	1	1302	4	
1192	1709	1	1302	5	
1193	1710	1	1303	1	
1194	1710	1	1303	2	
1195	1710	1	1303	3	
1196	1710	1	1303	4	
1197	1710	1	1303	5	
1198	1711	1	1304	1	
1199	1711	1	1304	2	
1200	1711	1	1304	3	
1201	1711	1	1304	4	
1202	1711	1	1304	5	
1203	1712	1	1305	1	
1204	1712	1	1305	2	
1205	1712	1	1305	3	
1206	1712	1	1305	4	
1207	1712	1	1305	5	
1208	1713	1	1306	1	
1209	1713	1	1306	2	
1210	1713	1	1306	3	
1211	1713	1	1306	4	
1212	1713	1	1306	5	
1213	1714	1	1307	1	
1214	1714	1	1307	2	
1215	1714	1	1307	3	
1216	1714	1	1307	4	
1217	1714	1	1307	5	
1218	1715	1	1308	1	
1219	1715	1	1308	2	
1220	1715	1	1308	3	
1221	1715	1	1308	4	
1222	1715	1	1308	5	
1223	1716	1	1309	1	
1224	1716	1	1309	2	
1225	1716	1	1309	3	
1226	1716	1	1309	4	
1227	1716	1	1309	5	
1228	1717	1	1310	1	
1229	1717	1	1310	2	
1230	1717	1	1310	3	
1231	1717	1	1310	4	
1232	1717	1	1310	5	
1233	1718	1	1311	1	
1234	1718	1	1311	2	
1235	1718	1	1311	3	
1236	1718	1	1311	4	
1237	1718	1	1311	5	
1238	1719	1	1312	1	
1239	1719	1	1312	2	
1240	1719	1	1312	3	
1241	1719	1	1312	4	
1242	1719	1	1312	5	
1243	1801	1	1201	1	
1244	1801	1	1201	2	
1245	1801	1	1201	3	
1246	1801	1	1201	4	
1247	1801	1	1201	5	
1248	1802	1	1202	1	
1249	1802	1	1202	2	
1250	1802	1	1202	3	
1251	1802	1	1202	4	
1252	1802	1	1202	5	
1253	1803	1	1203	1	
1254	1803	1	1203	2	
1255	1803	1	1203	3	
1256	1803	1	1203	4	
1257	1803	1	1203	5	
1258	1804	1	1204	1	
1259	1804	1	1204	2	
1260	1804	1	1204	3	
1261	1804	1	1204	4	
1262	1804	1	1204	5	
1263	1805	1	1205	1	
1264	1805	1	1205	2	
1265	1805	1	1205	3	
1266	1805	1	1205	4	
1267	1805	1	1205	5	
1268	1806	1	1206	1	
1269	1806	1	1206	2	
1270	1806	1	1206	3	
1271	1806	1	1206	4	
1272	1806	1	1206	5	
1273	1807	1	1207	1	
1274	1807	1	1207	2	
1275	1807	1	1207	3	
1276	1807	1	1207	4	
1277	1807	1	1207	5	
1278	1808	1	1208	1	
1279	1808	1	1208	2	
1280	1808	1	1208	3	
1281	1808	1	1208	4	
1282	1808	1	1208	5	
1283	1809	1	1302	1	
1284	1809	1	1302	2	
1285	1809	1	1302	3	
1286	1809	1	1302	4	
1287	1809	1	1302	5	
1288	1810	1	1303	1	
1289	1810	1	1303	2	
1290	1810	1	1303	3	
1291	1810	1	1303	4	
1292	1810	1	1303	5	
1293	1811	1	1304	1	
1294	1811	1	1304	2	
1295	1811	1	1304	3	
1296	1811	1	1304	4	
1297	1811	1	1304	5	
1298	1812	1	1305	1	
1299	1812	1	1305	2	
1300	1812	1	1305	3	
1301	1812	1	1305	4	
1302	1812	1	1305	5	
1303	1813	1	1306	1	
1304	1813	1	1306	2	
1305	1813	1	1306	3	
1306	1813	1	1306	4	
1307	1813	1	1306	5	
1308	1814	1	1307	1	
1309	1814	1	1307	2	
1310	1814	1	1307	3	
1311	1814	1	1307	4	
1312	1814	1	1307	5	
1313	1815	1	1308	1	
1314	1815	1	1308	2	
1315	1815	1	1308	3	
1316	1815	1	1308	4	
1317	1815	1	1308	5	
1318	1816	1	1309	1	
1319	1816	1	1309	2	
1320	1816	1	1309	3	
1321	1816	1	1309	4	
1322	1816	1	1309	5	
1323	1817	1	1310	1	
1324	1817	1	1310	2	
1325	1817	1	1310	3	
1326	1817	1	1310	4	
1327	1817	1	1310	5	
1328	1818	1	1311	1	
1329	1818	1	1311	2	
1330	1818	1	1311	3	
1331	1818	1	1311	4	
1332	1818	1	1311	5	
1333	1819	1	1312	1	
1334	1819	1	1312	2	
1335	1819	1	1312	3	
1336	1819	1	1312	4	
1337	1819	1	1312	5	
1338	1901	1	1201	1	
1339	1901	1	1201	2	
1340	1901	1	1201	3	
1341	1901	1	1201	4	
1342	1901	1	1201	5	
1343	1902	1	1202	1	
1344	1902	1	1202	2	
1345	1902	1	1202	3	
1346	1902	1	1202	4	
1347	1902	1	1202	5	
1348	1903	1	1203	1	
1349	1903	1	1203	2	
1350	1903	1	1203	3	
1351	1903	1	1203	4	
1352	1903	1	1203	5	
1353	1904	1	1204	1	
1354	1904	1	1204	2	
1355	1904	1	1204	3	
1356	1904	1	1204	4	
1357	1904	1	1204	5	
1358	1905	1	1205	1	
1359	1905	1	1205	2	
1360	1905	1	1205	3	
1361	1905	1	1205	4	
1362	1905	1	1205	5	
1363	1906	1	1206	1	
1364	1906	1	1206	2	
1365	1906	1	1206	3	
1366	1906	1	1206	4	
1367	1906	1	1206	5	
1368	1907	1	1207	1	
1369	1907	1	1207	2	
1370	1907	1	1207	3	
1371	1907	1	1207	4	
1372	1907	1	1207	5	
1373	1908	1	1208	1	
1374	1908	1	1208	2	
1375	1908	1	1208	3	
1376	1908	1	1208	4	
1377	1908	1	1208	5	
1378	1909	1	1302	1	
1379	1909	1	1302	2	
1380	1909	1	1302	3	
1381	1909	1	1302	4	
1382	1909	1	1302	5	
1383	1910	1	1303	1	
1384	1910	1	1303	2	
1385	1910	1	1303	3	
1386	1910	1	1303	4	
1387	1910	1	1303	5	
1388	1911	1	1304	1	
1389	1911	1	1304	2	
1390	1911	1	1304	3	
1391	1911	1	1304	4	
1392	1911	1	1304	5	
1393	1912	1	1305	1	
1394	1912	1	1305	2	
1395	1912	1	1305	3	
1396	1912	1	1305	4	
1397	1912	1	1305	5	
1398	1913	1	1306	1	
1399	1913	1	1306	2	
1400	1913	1	1306	3	
1401	1913	1	1306	4	
1402	1913	1	1306	5	
1403	1914	1	1307	1	
1404	1914	1	1307	2	
1405	1914	1	1307	3	
1406	1914	1	1307	4	
1407	1914	1	1307	5	
1408	1915	1	1308	1	
1409	1915	1	1308	2	
1410	1915	1	1308	3	
1411	1915	1	1308	4	
1412	1915	1	1308	5	
1413	1916	1	1309	1	
1414	1916	1	1309	2	
1415	1916	1	1309	3	
1416	1916	1	1309	4	
1417	1916	1	1309	5	
1418	1917	1	1310	1	
1419	1917	1	1310	2	
1420	1917	1	1310	3	
1421	1917	1	1310	4	
1422	1917	1	1310	5	
1423	1918	1	1311	1	
1424	1918	1	1311	2	
1425	1918	1	1311	3	
1426	1918	1	1311	4	
1427	1918	1	1311	5	
1428	1919	1	1312	1	
1429	1919	1	1312	2	
1430	1919	1	1312	3	
1431	1919	1	1312	4	
1432	1919	1	1312	5	
1433	2001	1	1201	1	
1434	2001	1	1201	2	
1435	2001	1	1201	3	
1436	2001	1	1201	4	
1437	2001	1	1201	5	
1438	2002	1	1202	1	
1439	2002	1	1202	2	
1440	2002	1	1202	3	
1441	2002	1	1202	4	
1442	2002	1	1202	5	
1443	2003	1	1203	1	
1444	2003	1	1203	2	
1445	2003	1	1203	3	
1446	2003	1	1203	4	
1447	2003	1	1203	5	
1448	2004	1	1204	1	
1449	2004	1	1204	2	
1450	2004	1	1204	3	
1451	2004	1	1204	4	
1452	2004	1	1204	5	
1453	2005	1	1205	1	
1454	2005	1	1205	2	
1455	2005	1	1205	3	
1456	2005	1	1205	4	
1457	2005	1	1205	5	
1458	2006	1	1206	1	
1459	2006	1	1206	2	
1460	2006	1	1206	3	
1461	2006	1	1206	4	
1462	2006	1	1206	5	
1463	2007	1	1207	1	
1464	2007	1	1207	2	
1465	2007	1	1207	3	
1466	2007	1	1207	4	
1467	2007	1	1207	5	
1468	2008	1	1208	1	
1469	2008	1	1208	2	
1470	2008	1	1208	3	
1471	2008	1	1208	4	
1472	2008	1	1208	5	
1473	2009	1	1302	1	
1474	2009	1	1302	2	
1475	2009	1	1302	3	
1476	2009	1	1302	4	
1477	2009	1	1302	5	
1478	2010	1	1303	1	
1479	2010	1	1303	2	
1480	2010	1	1303	3	
1481	2010	1	1303	4	
1482	2010	1	1303	5	
1483	2011	1	1304	1	
1484	2011	1	1304	2	
1485	2011	1	1304	3	
1486	2011	1	1304	4	
1487	2011	1	1304	5	
1488	2012	1	1305	1	
1489	2012	1	1305	2	
1490	2012	1	1305	3	
1491	2012	1	1305	4	
1492	2012	1	1305	5	
1493	2013	1	1306	1	
1494	2013	1	1306	2	
1495	2013	1	1306	3	
1496	2013	1	1306	4	
1497	2013	1	1306	5	
1498	2014	1	1307	1	
1499	2014	1	1307	2	
1500	2014	1	1307	3	
1501	2014	1	1307	4	
1502	2014	1	1307	5	
1503	2015	1	1308	1	
1504	2015	1	1308	2	
1505	2015	1	1308	3	
1506	2015	1	1308	4	
1507	2015	1	1308	5	
1508	2016	1	1309	1	
1509	2016	1	1309	2	
1510	2016	1	1309	3	
1511	2016	1	1309	4	
1512	2016	1	1309	5	
1513	2017	1	1310	1	
1514	2017	1	1310	2	
1515	2017	1	1310	3	
1516	2017	1	1310	4	
1517	2017	1	1310	5	
1518	2018	1	1311	1	
1519	2018	1	1311	2	
1520	2018	1	1311	3	
1521	2018	1	1311	4	
1522	2018	1	1311	5	
1523	2019	1	1312	1	
1524	2019	1	1312	2	
1525	2019	1	1312	3	
1526	2019	1	1312	4	
1527	2019	1	1312	5	
1528	2101	1	1404	1	
1529	2101	1	1404	2	
1530	2101	1	1404	3	
1531	2101	1	1404	4	
1532	2101	1	1404	5	
1533	2102	1	1405	1	
1534	2102	1	1405	2	
1535	2102	1	1405	3	
1536	2102	1	1405	4	
1537	2102	1	1405	5	
1538	2103	1	1406	1	
1539	2103	1	1406	2	
1540	2103	1	1406	3	
1541	2103	1	1406	4	
1542	2103	1	1406	5	
1543	2104	1	1407	1	
1544	2104	1	1407	2	
1545	2104	1	1407	3	
1546	2104	1	1407	4	
1547	2104	1	1407	5	
1548	2105	1	1408	1	
1549	2105	1	1408	2	
1550	2105	1	1408	3	
1551	2105	1	1408	4	
1552	2105	1	1408	5	
1553	2106	1	1409	1	
1554	2106	1	1409	2	
1555	2106	1	1409	3	
1556	2106	1	1409	4	
1557	2106	1	1409	5	
1558	2107	1	1410	1	
1559	2107	1	1410	2	
1560	2107	1	1410	3	
1561	2107	1	1410	4	
1562	2107	1	1410	5	
1563	2108	1	1411	1	
1564	2108	1	1411	2	
1565	2108	1	1411	3	
1566	2108	1	1411	4	
1567	2108	1	1411	5	
1568	2109	1	1412	1	
1569	2109	1	1412	2	
1570	2109	1	1412	3	
1571	2109	1	1412	4	
1572	2109	1	1412	5	
1573	2110	1	1413	1	
1574	2110	1	1413	2	
1575	2110	1	1413	3	
1576	2110	1	1413	4	
1577	2110	1	1413	5	
1578	2111	1	1414	1	
1579	2111	1	1414	2	
1580	2111	1	1414	3	
1581	2111	1	1414	4	
1582	2111	1	1414	5	
1583	2112	1	1510	1	
1584	2112	1	1510	2	
1585	2112	1	1510	3	
1586	2112	1	1510	4	
1587	2112	1	1510	5	
1588	2201	1	1001	1	
1589	2201	1	1001	2	
1590	2201	1	1001	3	
1591	2201	1	1001	4	
1592	2201	1	1001	5	
1593	2202	1	1202	1	
1594	2202	1	1202	2	
1595	2202	1	1202	3	
1596	2202	1	1202	4	
1597	2202	1	1202	5	
1598	2203	1	1202	1	
1599	2203	1	1202	2	
1600	2203	1	1202	3	
1601	2203	1	1202	4	
1602	2203	1	1202	5	
1603	2301	1	1036	1	
1604	2301	1	1036	2	
1605	2301	1	1036	3	
1606	2301	1	1036	4	
1607	2301	1	1036	5	
1608	2301	2	1036	1	
1609	2301	2	1036	2	
1610	2301	2	1036	3	
1611	2301	2	1036	4	
1612	2301	2	1036	5	
1613	2301	3	1036	1	
1614	2301	3	1036	2	
1615	2301	3	1036	3	
1616	2301	3	1036	4	
1617	2301	3	1036	5	
1618	2302	1	1515	1	
1619	2302	1	1515	2	
1620	2302	1	1515	3	
1621	2302	1	1515	4	
1622	2302	1	1515	5	
1623	2302	2	1515	1	
1624	2302	2	1515	2	
1625	2302	2	1515	3	
1626	2302	2	1515	4	
1627	2302	2	1515	5	
1628	2303	1	1015	1	
1629	2303	1	1015	2	
1630	2303	1	1015	3	
1631	2303	1	1015	4	
1632	2303	1	1015	5	
1633	2303	2	1015	1	
1634	2303	2	1015	2	
1635	2303	2	1015	3	
1636	2303	2	1015	4	
1637	2303	2	1015	5	
1638	2303	3	1015	1	
1639	2303	3	1015	2	
1640	2303	3	1015	3	
1641	2303	3	1015	4	
1642	2303	3	1015	5	
1643	8	1	5	1	
1644	8	1	5	2	
1645	8	1	5	3	
1646	8	1	5	4	
1647	8	1	5	5	
1648	9	1	6	1	
1649	9	1	6	2	
1650	9	1	6	3	
1651	9	1	6	4	
1652	9	1	6	5	
1653	10	1	7	1	
1654	10	1	7	2	
1655	10	1	7	3	
1656	10	1	7	4	
1657	10	1	7	5	
1658	11	1	8	1	
1659	11	1	8	2	
1660	11	1	8	3	
1661	11	1	8	4	
1662	11	1	8	5	
1663	12	1	5	1	
1664	12	1	5	2	
1665	12	1	5	3	
1666	12	1	5	4	
1667	12	1	5	5	
1668	13	1	9	1	
1669	13	1	9	2	
1670	13	1	9	3	
1671	13	1	9	4	
1672	13	1	9	5	
1673	14	1	10	1	
1674	14	1	10	2	
1675	14	1	10	3	
1676	14	1	10	4	
1677	14	1	10	5	
1678	15	1	11	1	
1679	15	1	11	2	
1680	15	1	11	3	
1681	15	1	11	4	
1682	15	1	11	5	
1683	16	1	11	1	
1684	16	1	11	2	
1685	16	1	11	3	
1686	16	1	11	4	
1687	16	1	11	5	
1688	17	1	11	1	
1689	17	1	11	2	
1690	17	1	11	3	
1691	17	1	11	4	
1692	17	1	11	5	
1693	18	1	11	1	
1694	18	1	11	2	
1695	18	1	11	3	
1696	18	1	11	4	
1697	18	1	11	5	
1698	19	1	11	1	
1699	19	1	11	2	
1700	19	1	11	3	
1701	19	1	11	4	
1702	19	1	11	5	
1703	207	1	1006	1	
1704	207	1	1006	2	
1705	207	1	1006	3	
1706	207	1	1006	4	
1707	207	1	1006	5	
1708	208	1	1007	1	
1709	208	1	1007	2	
1710	208	1	1007	3	
1711	208	1	1007	4	
1712	208	1	1007	5	
1713	209	1	1008	1	
1714	209	1	1008	2	
1715	209	1	1008	3	
1716	209	1	1008	4	
1717	209	1	1008	5	
1718	210	1	1009	1	
1719	210	1	1009	2	
1720	210	1	1009	3	
1721	210	1	1009	4	
1722	210	1	1009	5	
1723	211	1	1010	1	
1724	211	1	1010	2	
1725	211	1	1010	3	
1726	211	1	1010	4	
1727	211	1	1010	5	
1728	307	1	1006	1	
1729	307	1	1006	2	
1730	307	1	1006	3	
1731	307	1	1006	4	
1732	307	1	1006	5	
1733	308	1	1007	1	
1734	308	1	1007	2	
1735	308	1	1007	3	
1736	308	1	1007	4	
1737	308	1	1007	5	
1738	309	1	1008	1	
1739	309	1	1008	2	
1740	309	1	1008	3	
1741	309	1	1008	4	
1742	309	1	1008	5	
1743	310	1	1009	1	
1744	310	1	1009	2	
1745	310	1	1009	3	
1746	310	1	1009	4	
1747	310	1	1009	5	
1748	311	1	1010	1	
1749	311	1	1010	2	
1750	311	1	1010	3	
1751	311	1	1010	4	
1752	311	1	1010	5	
1753	407	1	1006	1	
1754	407	1	1006	2	
1755	407	1	1006	3	
1756	407	1	1006	4	
1757	407	1	1006	5	
1758	408	1	1007	1	
1759	408	1	1007	2	
1760	408	1	1007	3	
1761	408	1	1007	4	
1762	408	1	1007	5	
1763	409	1	1008	1	
1764	409	1	1008	2	
1765	409	1	1008	3	
1766	409	1	1008	4	
1767	409	1	1008	5	
1768	410	1	1009	1	
1769	410	1	1009	2	
1770	410	1	1009	3	
1771	410	1	1009	4	
1772	410	1	1009	5	
1773	411	1	1010	1	
1774	411	1	1010	2	
1775	411	1	1010	3	
1776	411	1	1010	4	
1777	411	1	1010	5	
1778	507	1	1006	1	
1779	507	1	1006	2	
1780	507	1	1006	3	
1781	507	1	1006	4	
1782	507	1	1006	5	
1783	508	1	1007	1	
1784	508	1	1007	2	
1785	508	1	1007	3	
1786	508	1	1007	4	
1787	508	1	1007	5	
1788	509	1	1008	1	
1789	509	1	1008	2	
1790	509	1	1008	3	
1791	509	1	1008	4	
1792	509	1	1008	5	
1793	510	1	1009	1	
1794	510	1	1009	2	
1795	510	1	1009	3	
1796	510	1	1009	4	
1797	510	1	1009	5	
1798	511	1	1010	1	
1799	511	1	1010	2	
1800	511	1	1010	3	
1801	511	1	1010	4	
1802	511	1	1010	5	
1803	607	1	1006	1	
1804	607	1	1006	2	
1805	607	1	1006	3	
1806	607	1	1006	4	
1807	607	1	1006	5	
1808	608	1	1007	1	
1809	608	1	1007	2	
1810	608	1	1007	3	
1811	608	1	1007	4	
1812	608	1	1007	5	
1813	609	1	1008	1	
1814	609	1	1008	2	
1815	609	1	1008	3	
1816	609	1	1008	4	
1817	609	1	1008	5	
1818	610	1	1009	1	
1819	610	1	1009	2	
1820	610	1	1009	3	
1821	610	1	1009	4	
1822	610	1	1009	5	
1823	611	1	1010	1	
1824	611	1	1010	2	
1825	611	1	1010	3	
1826	611	1	1010	4	
1827	611	1	1010	5	
1828	1007	1	1011	1	
1829	1007	1	1011	2	
1830	1007	1	1011	3	
1831	1007	1	1011	4	
1832	1007	1	1011	5	
1833	1008	1	1012	1	
1834	1008	1	1012	2	
1835	1008	1	1012	3	
1836	1008	1	1012	4	
1837	1008	1	1012	5	
1838	1009	1	1013	1	
1839	1009	1	1013	2	
1840	1009	1	1013	3	
1841	1009	1	1013	4	
1842	1009	1	1013	5	
1843	1010	1	1014	1	
1844	1010	1	1014	2	
1845	1010	1	1014	3	
1846	1010	1	1014	4	
1847	1010	1	1014	5	
1848	1011	1	1015	1	
1849	1011	1	1015	2	
1850	1011	1	1015	3	
1851	1011	1	1015	4	
1852	1011	1	1015	5	
1853	1012	1	1016	1	
1854	1012	1	1016	2	
1855	1012	1	1016	3	
1856	1012	1	1016	4	
1857	1012	1	1016	5	
1858	1013	1	1017	1	
1859	1013	1	1017	2	
1860	1013	1	1017	3	
1861	1013	1	1017	4	
1862	1013	1	1017	5	
1863	1014	1	1018	1	
1864	1014	1	1018	2	
1865	1014	1	1018	3	
1866	1014	1	1018	4	
1867	1014	1	1018	5	
1868	1015	1	1019	1	
1869	1015	1	1019	2	
1870	1015	1	1019	3	
1871	1015	1	1019	4	
1872	1015	1	1019	5	
1873	1016	1	1020	1	
1874	1016	1	1020	2	
1875	1016	1	1020	3	
1876	1016	1	1020	4	
1877	1016	1	1020	5	
1878	1269	1	1019	1	
1879	1269	1	1019	2	
1880	1269	1	1019	3	
1881	1269	1	1019	4	
1882	1269	1	1019	5	
1883	1270	1	1020	1	
1884	1270	1	1020	2	
1885	1270	1	1020	3	
1886	1270	1	1020	4	
1887	1270	1	1020	5	
1888	2113	1	1402	1	
1889	2113	1	1402	2	
1890	2113	1	1402	3	
1891	2113	1	1402	4	
1892	2113	1	1402	5	
1893	2114	1	1403	1	
1894	2114	1	1403	2	
1895	2114	1	1403	3	
1896	2114	1	1403	4	
1897	2114	1	1403	5	
1898	2115	1	1511	1	
1899	2115	1	1511	2	
1900	2115	1	1511	3	
1901	2115	1	1511	4	
1902	2115	1	1511	5	
1903	2116	1	1512	1	
1904	2116	1	1512	2	
1905	2116	1	1512	3	
1906	2116	1	1512	4	
1907	2116	1	1512	5	
1908	20	1	12	1	
1909	20	1	12	2	
1910	20	1	12	3	
1911	20	1	12	4	
1912	20	1	12	5	
1913	21	1	4	1	
1914	21	1	4	2	
1915	21	1	4	3	
1916	21	1	4	4	
1917	21	1	4	5	
1918	22	1	1	1	
1919	22	1	1	2	
1920	22	1	1	3	
1921	22	1	1	4	
1922	22	1	1	5	
1923	23	1	1	1	
1924	23	1	1	2	
1925	23	1	1	3	
1926	23	1	1	4	
1927	23	1	1	5	
1928	24	1	12	1	
1929	24	1	12	2	
1930	24	1	12	3	
1931	24	1	12	4	
1932	24	1	12	5	
1933	2501	1	1010	1	
1934	2501	1	1010	2	
1935	2501	1	1010	3	
1936	2501	1	1010	4	
1937	2501	1	1010	5	
1938	2601	1	1526	1	
1939	2601	1	1526	2	
1940	2601	1	1526	3	
1941	2601	1	1526	4	
1942	2601	1	1526	5	
1943	1620	1	1313	1	
1944	1620	1	1313	2	
1945	1620	1	1313	3	
1946	1620	1	1313	4	
1947	1620	1	1313	5	
1948	1621	1	1314	1	
1949	1621	1	1314	2	
1950	1621	1	1314	3	
1951	1621	1	1314	4	
1952	1621	1	1314	5	
1953	1622	1	1315	1	
1954	1622	1	1315	2	
1955	1622	1	1315	3	
1956	1622	1	1315	4	
1957	1622	1	1315	5	
1958	1623	1	1316	1	
1959	1623	1	1316	2	
1960	1623	1	1316	3	
1961	1623	1	1316	4	
1962	1623	1	1316	5	
1963	1720	1	1313	1	
1964	1720	1	1313	2	
1965	1720	1	1313	3	
1966	1720	1	1313	4	
1967	1720	1	1313	5	
1968	1721	1	1314	1	
1969	1721	1	1314	2	
1970	1721	1	1314	3	
1971	1721	1	1314	4	
1972	1721	1	1314	5	
1973	1722	1	1315	1	
1974	1722	1	1315	2	
1975	1722	1	1315	3	
1976	1722	1	1315	4	
1977	1722	1	1315	5	
1978	1723	1	1316	1	
1979	1723	1	1316	2	
1980	1723	1	1316	3	
1981	1723	1	1316	4	
1982	1723	1	1316	5	
1983	1820	1	1313	1	
1984	1820	1	1313	2	
1985	1820	1	1313	3	
1986	1820	1	1313	4	
1987	1820	1	1313	5	
1988	1821	1	1314	1	
1989	1821	1	1314	2	
1990	1821	1	1314	3	
1991	1821	1	1314	4	
1992	1821	1	1314	5	
1993	1822	1	1315	1	
1994	1822	1	1315	2	
1995	1822	1	1315	3	
1996	1822	1	1315	4	
1997	1822	1	1315	5	
1998	1823	1	1316	1	
1999	1823	1	1316	2	
2000	1823	1	1316	3	
2001	1823	1	1316	4	
2002	1823	1	1316	5	
2003	1920	1	1313	1	
2004	1920	1	1313	2	
2005	1920	1	1313	3	
2006	1920	1	1313	4	
2007	1920	1	1313	5	
2008	1921	1	1314	1	
2009	1921	1	1314	2	
2010	1921	1	1314	3	
2011	1921	1	1314	4	
2012	1921	1	1314	5	
2013	1922	1	1315	1	
2014	1922	1	1315	2	
2015	1922	1	1315	3	
2016	1922	1	1315	4	
2017	1922	1	1315	5	
2018	1923	1	1316	1	
2019	1923	1	1316	2	
2020	1923	1	1316	3	
2021	1923	1	1316	4	
2022	1923	1	1316	5	
2023	2020	1	1313	1	
2024	2020	1	1313	2	
2025	2020	1	1313	3	
2026	2020	1	1313	4	
2027	2020	1	1313	5	
2028	2021	1	1314	1	
2029	2021	1	1314	2	
2030	2021	1	1314	3	
2031	2021	1	1314	4	
2032	2021	1	1314	5	
2033	2022	1	1315	1	
2034	2022	1	1315	2	
2035	2022	1	1315	3	
2036	2022	1	1315	4	
2037	2022	1	1315	5	
2038	2023	1	1316	1	
2039	2023	1	1316	2	
2040	2023	1	1316	3	
2041	2023	1	1316	4	
2042	2023	1	1316	5	
2043	2701	1	1008	1	
2044	2701	1	1008	2	
2045	2701	1	1008	3	
2046	2701	1	1008	4	
2047	2701	1	1008	5	
2048	1100	1	1001	1	
2049	1100	1	1001	2	
2050	1100	1	1001	3	
2051	1100	1	1001	4	
2052	1100	1	1001	5	
2053	25	1	13	1	
2054	25	1	13	2	
2055	25	1	13	3	
2056	25	1	13	4	
2057	25	1	13	5	
2058	26	1	14	1	
2059	26	1	14	2	
2060	26	1	14	3	
2061	26	1	14	4	
2062	26	1	14	5	
2063	1353	1	1999	1	
2064	1354	1	1998	1	
2065	27	1	15	1	
2066	27	1	15	2	
2067	27	1	15	3	
2068	27	1	15	4	
2069	27	1	15	5	
2070	28	1	16	1	
2071	28	1	16	2	
2072	28	1	16	3	
2073	28	1	16	4	
2074	28	1	16	5	
2075	1355	1	1997	1	
2076	1356	1	1997	1	
2077	1357	1	2000	1	
2078	2810	1	1407	1	
2079	2810	1	1407	2	
2080	2810	1	1407	3	
2081	2810	1	1407	4	
2082	2810	1	1407	5	
2083	1107	1	1011	1	
2084	1107	1	1011	2	
2085	1107	1	1011	3	
2086	1107	1	1011	4	
2087	1107	1	1011	5	
2088	1520	1	1316	1	
2089	1520	1	1316	2	
2090	1520	1	1316	3	
2091	1520	1	1316	4	
2092	1520	1	1316	5	
2093	29	1	17	1	
2094	29	1	17	2	
2095	29	1	17	3	
2096	29	1	17	4	
2097	29	1	17	5	
2098	30	1	18	1	
2099	30	1	18	2	
2100	30	1	18	3	
2101	30	1	18	4	
2102	30	1	18	5	
2103	1319	1	1019	1	
2104	1319	1	1019	2	
2105	1319	1	1019	3	
2106	1319	1	1019	4	
2107	1319	1	1019	5	
2108	1320	1	1020	1	
2109	1320	1	1020	2	
2110	1320	1	1020	3	
2111	1320	1	1020	4	
2112	1320	1	1020	5	
2113	1108	1	1012	1	
2114	1108	1	1012	2	
2115	1108	1	1012	3	
2116	1108	1	1012	4	
2117	1108	1	1012	5	
2118	2901	1	2001	1	
2119	2901	1	2001	2	
2120	2901	1	2001	3	
2121	2901	1	2001	4	
2122	2901	1	2001	5	
2123	2902	1	2002	1	
2124	2902	1	2002	2	
2125	2902	1	2002	3	
2126	2902	1	2002	4	
2127	2902	1	2002	5	
2128	2903	1	2003	1	
2129	2904	1	2004	1	
2130	2905	1	2005	1	
2131	2906	1	2006	1	
2132	2907	1	2007	1	
2133	2908	1	2008	1	
2134	2911	1	2009	1	
2135	2911	1	2009	2	
2136	2911	1	2009	3	
2137	2911	1	2009	4	
2138	2911	1	2009	5	
2139	2912	1	2010	1	
2140	2912	1	2010	2	
2141	2912	1	2010	3	
2142	2912	1	2010	4	
2143	2912	1	2010	5	
2144	2913	1	2011	1	
2145	2913	1	2011	2	
2146	2913	1	2011	3	
2147	2913	1	2011	4	
2148	2913	1	2011	5	
2149	2914	1	2012	1	
2150	2914	1	2012	2	
2151	2914	1	2012	3	
2152	2914	1	2012	4	
2153	2914	1	2012	5	
2154	2915	1	2013	1	
2155	2915	1	2013	2	
2156	2915	1	2013	3	
2157	2915	1	2013	4	
2158	2915	1	2013	5	
2159	2916	1	2014	1	
2160	2916	1	2014	2	
2161	2916	1	2014	3	
2162	2916	1	2014	4	
2163	2916	1	2014	5	
2164	2917	1	2015	1	
2165	2917	1	2015	2	
2166	2917	1	2015	3	
2167	2917	1	2015	4	
2168	2917	1	2015	5	
2169	2918	1	2016	1	
2170	2918	1	2016	2	
2171	2918	1	2016	3	
2172	2918	1	2016	4	
2173	2918	1	2016	5	
2174	2919	1	2017	1	
2175	2919	1	2017	2	
2176	2919	1	2017	3	
2177	2919	1	2017	4	
2178	2919	1	2017	5	
2179	2920	1	2018	1	
2180	2920	1	2018	2	
2181	2920	1	2018	3	
2182	2920	1	2018	4	
2183	2920	1	2018	5	
2184	2921	1	2019	1	
2185	2922	1	2020	1	
2186	2923	1	2021	1	
2187	2924	1	2022	1	
2188	2924	1	2022	2	
2189	2924	1	2022	3	
2190	2924	1	2022	4	
2191	2924	1	2022	5	
2192	2925	1	2023	1	
2193	2925	1	2023	2	
2194	2925	1	2023	3	
2195	2925	1	2023	4	
2196	2925	1	2023	5	
2197	2926	1	2024	1	
2198	2926	1	2024	2	
2199	2926	1	2024	3	
2200	2926	1	2024	4	
2201	2926	1	2024	5	
2202	2927	1	2025	1	
2203	2927	1	2025	2	
2204	2927	1	2025	3	
2205	2927	1	2025	4	
2206	2927	1	2025	5	
2207	2928	1	2026	1	
2208	2928	1	2026	2	
2209	2928	1	2026	3	
2210	2928	1	2026	4	
2211	2928	1	2026	5	
2212	2929	1	2027	1	
2213	2929	1	2027	2	
2214	2929	1	2027	3	
2215	2929	1	2027	4	
2216	2929	1	2027	5	
2217	2930	1	2028	1	
2218	2930	1	2028	2	
2219	2930	1	2028	3	
2220	2930	1	2028	4	
2221	2930	1	2028	5	
2222	2931	1	2029	1	
2223	2931	1	2029	2	
2224	2931	1	2029	3	
2225	2931	1	2029	4	
2226	2931	1	2029	5	
2227	2932	1	2030	1	
2228	2932	1	2030	2	
2229	2932	1	2030	3	
2230	2932	1	2030	4	
2231	2932	1	2030	5	
2232	2933	1	2031	1	
2233	2933	1	2031	2	
2234	2933	1	2031	3	
2235	2933	1	2031	4	
2236	2933	1	2031	5	
2237	2934	1	2032	1	
2238	2934	1	2032	2	
2239	2934	1	2032	3	
2240	2934	1	2032	4	
2241	2934	1	2032	5	
2242	2935	1	2033	1	
2243	2935	1	2033	2	
2244	2935	1	2033	3	
2245	2935	1	2033	4	
2246	2935	1	2033	5	
2247	2936	1	2034	1	
2248	2936	1	2034	2	
2249	2936	1	2034	3	
2250	2936	1	2034	4	
2251	2936	1	2034	5	
2252	2937	1	2035	1	
2253	2937	1	2035	2	
2254	2937	1	2035	3	
2255	2937	1	2035	4	
2256	2937	1	2035	5	
2257	2938	1	2036	1	
2258	2938	1	2036	2	
2259	2938	1	2036	3	
2260	2938	1	2036	4	
2261	2938	1	2036	5	
2262	2939	1	2037	1	
2263	2939	1	2037	2	
2264	2939	1	2037	3	
2265	2939	1	2037	4	
2266	2939	1	2037	5	
2267	2940	1	2038	1	
2268	2940	1	2038	2	
2269	2940	1	2038	3	
2270	2940	1	2038	4	
2271	2940	1	2038	5	
2272	2941	1	2039	1	
2273	2941	1	2039	2	
2274	2941	1	2039	3	
2275	2941	1	2039	4	
2276	2941	1	2039	5	
2277	2942	1	2040	1	
2278	2942	1	2040	2	
2279	2942	1	2040	3	
2280	2942	1	2040	4	
2281	2942	1	2040	5	
2282	2943	1	2041	1	
2283	2943	1	2041	2	
2284	2943	1	2041	3	
2285	2943	1	2041	4	
2286	2943	1	2041	5	
2287	2944	1	2042	1	
2288	2944	1	2042	2	
2289	2944	1	2042	3	
2290	2944	1	2042	4	
2291	2944	1	2042	5	
2292	2945	1	2043	1	
2293	2945	1	2043	2	
2294	2945	1	2043	3	
2295	2945	1	2043	4	
2296	2945	1	2043	5	
2297	2946	1	2044	1	
2298	2947	1	2045	1	
2299	2948	1	2046	1	
2300	2949	1	2047	1	
2301	2949	1	2047	2	
2302	2949	1	2047	3	
2303	2949	1	2047	4	
2304	2949	1	2047	5	
2305	2950	1	2048	1	
2306	2950	1	2048	2	
2307	2950	1	2048	3	
2308	2950	1	2048	4	
2309	2950	1	2048	5	
2310	2951	1	2049	1	
2311	2951	1	2049	2	
2312	2951	1	2049	3	
2313	2951	1	2049	4	
2314	2951	1	2049	5	
2315	2952	1	2050	1	
2316	2952	1	2050	2	
2317	2952	1	2050	3	
2318	2952	1	2050	4	
2319	2952	1	2050	5	
2320	2953	1	2051	1	
2321	2953	1	2051	2	
2322	2953	1	2051	3	
2323	2953	1	2051	4	
2324	2953	1	2051	5	
2325	2954	1	2052	1	
2326	2954	1	2052	2	
2327	2954	1	2052	3	
2328	2954	1	2052	4	
2329	2954	1	2052	5	
2330	2955	1	2053	1	
2331	2955	1	2053	2	
2332	2955	1	2053	3	
2333	2955	1	2053	4	
2334	2955	1	2053	5	
2335	2956	1	2054	1	
2336	2956	1	2054	2	
2337	2956	1	2054	3	
2338	2956	1	2054	4	
2339	2956	1	2054	5	
2340	2957	1	2055	1	
2341	2957	1	2055	2	
2342	2957	1	2055	3	
2343	2957	1	2055	4	
2344	2957	1	2055	5	
2345	2958	1	2056	1	
2346	2958	1	2056	2	
2347	2958	1	2056	3	
2348	2958	1	2056	4	
2349	2958	1	2056	5	
2350	2959	1	2057	1	
2351	2959	1	2057	2	
2352	2959	1	2057	3	
2353	2959	1	2057	4	
2354	2959	1	2057	5	
2355	2960	1	2058	1	
2356	2960	1	2058	2	
2357	2960	1	2058	3	
2358	2960	1	2058	4	
2359	2960	1	2058	5	
2360	2961	1	2059	1	
2361	2961	1	2059	2	
2362	2961	1	2059	3	
2363	2961	1	2059	4	
2364	2961	1	2059	5	
2365	2962	1	2060	1	
2366	2962	1	2060	2	
2367	2962	1	2060	3	
2368	2962	1	2060	4	
2369	2962	1	2060	5	
2370	2963	1	2061	1	
2371	2963	1	2061	2	
2372	2963	1	2061	3	
2373	2963	1	2061	4	
2374	2963	1	2061	5	
2375	2964	1	2062	1	
2376	2964	1	2062	2	
2377	2964	1	2062	3	
2378	2964	1	2062	4	
2379	2964	1	2062	5	
2380	2965	1	2063	1	
2381	2965	1	2063	2	
2382	2965	1	2063	3	
2383	2965	1	2063	4	
2384	2965	1	2063	5	
2385	2966	1	2064	1	
2386	2966	1	2064	2	
2387	2966	1	2064	3	
2388	2966	1	2064	4	
2389	2966	1	2064	5	
2390	2967	1	2065	1	
2391	2967	1	2065	2	
2392	2967	1	2065	3	
2393	2967	1	2065	4	
2394	2967	1	2065	5	
2395	2968	1	2066	1	
2396	2968	1	2066	2	
2397	2968	1	2066	3	
2398	2968	1	2066	4	
2399	2968	1	2066	5	
2400	2969	1	2067	1	
2401	2969	1	2067	2	
2402	2969	1	2067	3	
2403	2969	1	2067	4	
2404	2969	1	2067	5	
2405	2970	1	2068	1	
2406	2970	1	2068	2	
2407	2970	1	2068	3	
2408	2970	1	2068	4	
2409	2970	1	2068	5	
2410	2971	1	2069	1	
2411	2972	1	2070	1	
2412	2973	1	2071	1	
2413	2974	1	2072	1	
2414	2974	1	2072	2	
2415	2974	1	2072	3	
2416	2974	1	2072	4	
2417	2974	1	2072	5	
2418	2975	1	2073	1	
2419	2975	1	2073	2	
2420	2975	1	2073	3	
2421	2975	1	2073	4	
2422	2975	1	2073	5	
2423	2976	1	2074	1	
2424	2976	1	2074	2	
2425	2976	1	2074	3	
2426	2976	1	2074	4	
2427	2976	1	2074	5	
2428	2977	1	2075	1	
2429	2977	1	2075	2	
2430	2977	1	2075	3	
2431	2977	1	2075	4	
2432	2977	1	2075	5	
2433	2978	1	2076	1	
2434	2978	1	2076	2	
2435	2978	1	2076	3	
2436	2978	1	2076	4	
2437	2978	1	2076	5	
2438	2979	1	2077	1	
2439	2979	1	2077	2	
2440	2979	1	2077	3	
2441	2979	1	2077	4	
2442	2979	1	2077	5	
2443	2980	1	2078	1	
2444	2980	1	2078	2	
2445	2980	1	2078	3	
2446	2980	1	2078	4	
2447	2980	1	2078	5	
2448	2981	1	2079	1	
2449	2981	1	2079	2	
2450	2981	1	2079	3	
2451	2981	1	2079	4	
2452	2981	1	2079	5	
2453	2982	1	2080	1	
2454	2982	1	2080	2	
2455	2982	1	2080	3	
2456	2982	1	2080	4	
2457	2982	1	2080	5	
2458	2983	1	2081	1	
2459	2983	1	2081	2	
2460	2983	1	2081	3	
2461	2983	1	2081	4	
2462	2983	1	2081	5	
2463	2984	1	2082	1	
2464	2984	1	2082	2	
2465	2984	1	2082	3	
2466	2984	1	2082	4	
2467	2984	1	2082	5	
2468	2985	1	2083	1	
2469	2985	1	2083	2	
2470	2985	1	2083	3	
2471	2985	1	2083	4	
2472	2985	1	2083	5	
2473	2986	1	2084	1	
2474	2986	1	2084	2	
2475	2986	1	2084	3	
2476	2986	1	2084	4	
2477	2986	1	2084	5	
2478	2987	1	2085	1	
2479	2987	1	2085	2	
2480	2987	1	2085	3	
2481	2987	1	2085	4	
2482	2987	1	2085	5	
2483	2988	1	2086	1	
2484	2988	1	2086	2	
2485	2988	1	2086	3	
2486	2988	1	2086	4	
2487	2988	1	2086	5	
2488	2989	1	2087	1	
2489	2989	1	2087	2	
2490	2989	1	2087	3	
2491	2989	1	2087	4	
2492	2989	1	2087	5	
2493	2990	1	2088	1	
2494	2990	1	2088	2	
2495	2990	1	2088	3	
2496	2990	1	2088	4	
2497	2990	1	2088	5	
2498	2991	1	2089	1	
2499	2991	1	2089	2	
2500	2991	1	2089	3	
2501	2991	1	2089	4	
2502	2991	1	2089	5	
2503	2992	1	2090	1	
2504	2992	1	2090	2	
2505	2992	1	2090	3	
2506	2992	1	2090	4	
2507	2992	1	2090	5	
2508	2993	1	2091	1	
2509	2993	1	2091	2	
2510	2993	1	2091	3	
2511	2993	1	2091	4	
2512	2993	1	2091	5	
2513	2994	1	2092	1	
2514	2994	1	2092	2	
2515	2994	1	2092	3	
2516	2994	1	2092	4	
2517	2994	1	2092	5	
2518	2995	1	2093	1	
2519	2995	1	2093	2	
2520	2995	1	2093	3	
2521	2995	1	2093	4	
2522	2995	1	2093	5	
2523	2996	1	2094	1	
2524	2997	1	2095	1	
2525	2998	1	2096	1	
2526	2999	1	2097	1	
2527	3000	1	2098	1	
2528	3000	1	2098	2	
2529	3000	1	2098	3	
2530	3000	1	2098	4	
2531	3000	1	2098	5	
2532	3001	1	2099	1	
2533	3001	1	2099	2	
2534	3001	1	2099	3	
2535	3001	1	2099	4	
2536	3001	1	2099	5	
2537	3002	1	2100	1	
2538	3002	1	2100	2	
2539	3002	1	2100	3	
2540	3002	1	2100	4	
2541	3002	1	2100	5	
2542	3003	1	2101	1	
2543	3003	1	2101	2	
2544	3003	1	2101	3	
2545	3003	1	2101	4	
2546	3003	1	2101	5	
2547	3004	1	2102	1	
2548	3004	1	2102	2	
2549	3004	1	2102	3	
2550	3004	1	2102	4	
2551	3004	1	2102	5	
2552	3005	1	2103	1	
2553	3005	1	2103	2	
2554	3005	1	2103	3	
2555	3005	1	2103	4	
2556	3005	1	2103	5	
2557	3006	1	2104	1	
2558	3006	1	2104	2	
2559	3006	1	2104	3	
2560	3006	1	2104	4	
2561	3006	1	2104	5	
2562	3007	1	2105	1	
2563	3007	1	2105	2	
2564	3007	1	2105	3	
2565	3007	1	2105	4	
2566	3007	1	2105	5	
2567	3008	1	2106	1	
2568	3008	1	2106	2	
2569	3008	1	2106	3	
2570	3008	1	2106	4	
2571	3008	1	2106	5	
2572	3009	1	2107	1	
2573	3009	1	2107	2	
2574	3009	1	2107	3	
2575	3009	1	2107	4	
2576	3009	1	2107	5	
2577	3010	1	2108	1	
2578	3010	1	2108	2	
2579	3010	1	2108	3	
2580	3010	1	2108	4	
2581	3010	1	2108	5	
2582	3011	1	2109	1	
2583	3011	1	2109	2	
2584	3011	1	2109	3	
2585	3011	1	2109	4	
2586	3011	1	2109	5	
2587	3012	1	2110	1	
2588	3012	1	2110	2	
2589	3012	1	2110	3	
2590	3012	1	2110	4	
2591	3012	1	2110	5	
2592	3013	1	2111	1	
2593	3013	1	2111	2	
2594	3013	1	2111	3	
2595	3013	1	2111	4	
2596	3013	1	2111	5	
2597	3014	1	2112	1	
2598	3014	1	2112	2	
2599	3014	1	2112	3	
2600	3014	1	2112	4	
2601	3014	1	2112	5	
2602	3015	1	2113	1	
2603	3015	1	2113	2	
2604	3015	1	2113	3	
2605	3015	1	2113	4	
2606	3015	1	2113	5	
2607	3016	1	2114	1	
2608	3016	1	2114	2	
2609	3016	1	2114	3	
2610	3016	1	2114	4	
2611	3016	1	2114	5	
2612	3017	1	2115	1	
2613	3017	1	2115	2	
2614	3017	1	2115	3	
2615	3017	1	2115	4	
2616	3017	1	2115	5	
2617	3018	1	2116	1	
2618	3018	1	2116	2	
2619	3018	1	2116	3	
2620	3018	1	2116	4	
2621	3018	1	2116	5	
2622	3019	1	2117	1	
2623	3019	1	2117	2	
2624	3019	1	2117	3	
2625	3019	1	2117	4	
2626	3019	1	2117	5	
2627	3020	1	2118	1	
2628	3020	1	2118	2	
2629	3020	1	2118	3	
2630	3020	1	2118	4	
2631	3020	1	2118	5	
2632	3021	1	2119	1	
2633	3021	1	2119	2	
2634	3021	1	2119	3	
2635	3021	1	2119	4	
2636	3021	1	2119	5	
2637	3022	1	2120	1	
2638	3023	1	2121	1	
2639	3024	1	2122	1	
2640	3025	1	2123	1	
2641	3025	1	2123	2	
2642	3025	1	2123	3	
2643	3025	1	2123	4	
2644	3025	1	2123	5	
2645	3026	1	2124	1	
2646	3026	1	2124	2	
2647	3026	1	2124	3	
2648	3026	1	2124	4	
2649	3026	1	2124	5	
2650	3027	1	2125	1	
2651	3027	1	2125	2	
2652	3027	1	2125	3	
2653	3027	1	2125	4	
2654	3027	1	2125	5	
2655	3028	1	2126	1	
2656	3028	1	2126	2	
2657	3028	1	2126	3	
2658	3028	1	2126	4	
2659	3028	1	2126	5	
2660	3029	1	2127	1	
2661	3029	1	2127	2	
2662	3029	1	2127	3	
2663	3029	1	2127	4	
2664	3029	1	2127	5	
2665	3030	1	2128	1	
2666	3030	1	2128	2	
2667	3030	1	2128	3	
2668	3030	1	2128	4	
2669	3030	1	2128	5	
2670	3031	1	2129	1	
2671	3031	1	2129	2	
2672	3031	1	2129	3	
2673	3031	1	2129	4	
2674	3031	1	2129	5	
2675	3032	1	2130	1	
2676	3032	1	2130	2	
2677	3032	1	2130	3	
2678	3032	1	2130	4	
2679	3032	1	2130	5	
2680	3033	1	2131	1	
2681	3033	1	2131	2	
2682	3033	1	2131	3	
2683	3033	1	2131	4	
2684	3033	1	2131	5	
2685	3034	1	2132	1	
2686	3034	1	2132	2	
2687	3034	1	2132	3	
2688	3034	1	2132	4	
2689	3034	1	2132	5	
2690	3035	1	2133	1	
2691	3035	1	2133	2	
2692	3035	1	2133	3	
2693	3035	1	2133	4	
2694	3035	1	2133	5	
2695	3036	1	2134	1	
2696	3036	1	2134	2	
2697	3036	1	2134	3	
2698	3036	1	2134	4	
2699	3036	1	2134	5	
2700	3037	1	2135	1	
2701	3037	1	2135	2	
2702	3037	1	2135	3	
2703	3037	1	2135	4	
2704	3037	1	2135	5	
2705	3038	1	2136	1	
2706	3038	1	2136	2	
2707	3038	1	2136	3	
2708	3038	1	2136	4	
2709	3038	1	2136	5	
2710	3039	1	2137	1	
2711	3039	1	2137	2	
2712	3039	1	2137	3	
2713	3039	1	2137	4	
2714	3039	1	2137	5	
2715	3040	1	2138	1	
2716	3040	1	2138	2	
2717	3040	1	2138	3	
2718	3040	1	2138	4	
2719	3040	1	2138	5	
2720	3041	1	2139	1	
2721	3041	1	2139	2	
2722	3041	1	2139	3	
2723	3041	1	2139	4	
2724	3041	1	2139	5	
2725	3042	1	2140	1	
2726	3042	1	2140	2	
2727	3042	1	2140	3	
2728	3042	1	2140	4	
2729	3042	1	2140	5	
2730	3043	1	2141	1	
2731	3043	1	2141	2	
2732	3043	1	2141	3	
2733	3043	1	2141	4	
2734	3043	1	2141	5	
2735	3044	1	2142	1	
2736	3044	1	2142	2	
2737	3044	1	2142	3	
2738	3044	1	2142	4	
2739	3044	1	2142	5	
2740	3045	1	2143	1	
2741	3045	1	2143	2	
2742	3045	1	2143	3	
2743	3045	1	2143	4	
2744	3045	1	2143	5	
2745	3046	1	2144	1	
2746	3046	1	2144	2	
2747	3046	1	2144	3	
2748	3046	1	2144	4	
2749	3046	1	2144	5	
2750	3047	1	2145	1	
2751	3048	1	2146	1	
2752	3049	1	2147	1	
2753	3050	1	2148	1	
2754	3050	1	2148	2	
2755	3050	1	2148	3	
2756	3050	1	2148	4	
2757	3050	1	2148	5	
2758	3051	1	2149	1	
2759	3051	1	2149	2	
2760	3051	1	2149	3	
2761	3051	1	2149	4	
2762	3051	1	2149	5	
2763	3052	1	2150	1	
2764	3052	1	2150	2	
2765	3052	1	2150	3	
2766	3052	1	2150	4	
2767	3052	1	2150	5	
2768	3053	1	2151	1	
2769	3053	1	2151	2	
2770	3053	1	2151	3	
2771	3053	1	2151	4	
2772	3053	1	2151	5	
2773	3054	1	2152	1	
2774	3054	1	2152	2	
2775	3054	1	2152	3	
2776	3054	1	2152	4	
2777	3054	1	2152	5	
2778	3055	1	2153	1	
2779	3055	1	2153	2	
2780	3055	1	2153	3	
2781	3055	1	2153	4	
2782	3055	1	2153	5	
2783	3056	1	2154	1	
2784	3056	1	2154	2	
2785	3056	1	2154	3	
2786	3056	1	2154	4	
2787	3056	1	2154	5	
2788	3057	1	2155	1	
2789	3057	1	2155	2	
2790	3057	1	2155	3	
2791	3057	1	2155	4	
2792	3057	1	2155	5	
2793	3058	1	2156	1	
2794	3058	1	2156	2	
2795	3058	1	2156	3	
2796	3058	1	2156	4	
2797	3058	1	2156	5	
2798	3059	1	2157	1	
2799	3059	1	2157	2	
2800	3059	1	2157	3	
2801	3059	1	2157	4	
2802	3059	1	2157	5	
2803	3060	1	2158	1	
2804	3060	1	2158	2	
2805	3060	1	2158	3	
2806	3060	1	2158	4	
2807	3060	1	2158	5	
2808	3061	1	2159	1	
2809	3061	1	2159	2	
2810	3061	1	2159	3	
2811	3061	1	2159	4	
2812	3061	1	2159	5	
2813	3062	1	2160	1	
2814	3062	1	2160	2	
2815	3062	1	2160	3	
2816	3062	1	2160	4	
2817	3062	1	2160	5	
2818	3063	1	2161	1	
2819	3063	1	2161	2	
2820	3063	1	2161	3	
2821	3063	1	2161	4	
2822	3063	1	2161	5	
2823	3064	1	2162	1	
2824	3064	1	2162	2	
2825	3064	1	2162	3	
2826	3064	1	2162	4	
2827	3064	1	2162	5	
2828	3065	1	2163	1	
2829	3065	1	2163	2	
2830	3065	1	2163	3	
2831	3065	1	2163	4	
2832	3065	1	2163	5	
2833	3066	1	2164	1	
2834	3066	1	2164	2	
2835	3066	1	2164	3	
2836	3066	1	2164	4	
2837	3066	1	2164	5	
2838	3067	1	2165	1	
2839	3067	1	2165	2	
2840	3067	1	2165	3	
2841	3067	1	2165	4	
2842	3067	1	2165	5	
2843	3068	1	2166	1	
2844	3068	1	2166	2	
2845	3068	1	2166	3	
2846	3068	1	2166	4	
2847	3068	1	2166	5	
2848	3069	1	2167	1	
2849	3069	1	2167	2	
2850	3069	1	2167	3	
2851	3069	1	2167	4	
2852	3069	1	2167	5	
2853	3070	1	2168	1	
2854	3070	1	2168	2	
2855	3070	1	2168	3	
2856	3070	1	2168	4	
2857	3070	1	2168	5	
2858	3071	1	2169	1	
2859	3071	1	2169	2	
2860	3071	1	2169	3	
2861	3071	1	2169	4	
2862	3071	1	2169	5	
2863	3072	1	2170	1	
2864	3073	1	2171	1	
2865	3074	1	2172	1	
2866	3075	1	2173	1	
2867	3075	1	2173	2	
2868	3075	1	2173	3	
2869	3075	1	2173	4	
2870	3075	1	2173	5	
2871	3076	1	2174	1	
2872	3076	1	2174	2	
2873	3076	1	2174	3	
2874	3076	1	2174	4	
2875	3076	1	2174	5	
2876	3077	1	2175	1	
2877	3077	1	2175	2	
2878	3077	1	2175	3	
2879	3077	1	2175	4	
2880	3077	1	2175	5	
2881	3078	1	2176	1	
2882	3078	1	2176	2	
2883	3078	1	2176	3	
2884	3078	1	2176	4	
2885	3078	1	2176	5	
2886	3079	1	2177	1	
2887	3079	1	2177	2	
2888	3079	1	2177	3	
2889	3079	1	2177	4	
2890	3079	1	2177	5	
2891	3080	1	2178	1	
2892	3080	1	2178	2	
2893	3080	1	2178	3	
2894	3080	1	2178	4	
2895	3080	1	2178	5	
2896	3081	1	2179	1	
2897	3081	1	2179	2	
2898	3081	1	2179	3	
2899	3081	1	2179	4	
2900	3081	1	2179	5	
2901	3082	1	2180	1	
2902	3082	1	2180	2	
2903	3082	1	2180	3	
2904	3082	1	2180	4	
2905	3082	1	2180	5	
2906	3083	1	2181	1	
2907	3083	1	2181	2	
2908	3083	1	2181	3	
2909	3083	1	2181	4	
2910	3083	1	2181	5	
2911	3084	1	2182	1	
2912	3084	1	2182	2	
2913	3084	1	2182	3	
2914	3084	1	2182	4	
2915	3084	1	2182	5	
2916	3085	1	2183	1	
2917	3085	1	2183	2	
2918	3085	1	2183	3	
2919	3085	1	2183	4	
2920	3085	1	2183	5	
2921	3086	1	2184	1	
2922	3086	1	2184	2	
2923	3086	1	2184	3	
2924	3086	1	2184	4	
2925	3086	1	2184	5	
2926	3087	1	2185	1	
2927	3087	1	2185	2	
2928	3087	1	2185	3	
2929	3087	1	2185	4	
2930	3087	1	2185	5	
2931	3088	1	2186	1	
2932	3088	1	2186	2	
2933	3088	1	2186	3	
2934	3088	1	2186	4	
2935	3088	1	2186	5	
2936	3089	1	2187	1	
2937	3089	1	2187	2	
2938	3089	1	2187	3	
2939	3089	1	2187	4	
2940	3089	1	2187	5	
2941	3090	1	2188	1	
2942	3090	1	2188	2	
2943	3090	1	2188	3	
2944	3090	1	2188	4	
2945	3090	1	2188	5	
2946	3091	1	2189	1	
2947	3091	1	2189	2	
2948	3091	1	2189	3	
2949	3091	1	2189	4	
2950	3091	1	2189	5	
2951	3092	1	2190	1	
2952	3092	1	2190	2	
2953	3092	1	2190	3	
2954	3092	1	2190	4	
2955	3092	1	2190	5	
2956	3093	1	2191	1	
2957	3093	1	2191	2	
2958	3093	1	2191	3	
2959	3093	1	2191	4	
2960	3093	1	2191	5	
2961	3094	1	2192	1	
2962	3094	1	2192	2	
2963	3094	1	2192	3	
2964	3094	1	2192	4	
2965	3094	1	2192	5	
2966	3095	1	2193	1	
2967	3095	1	2193	2	
2968	3095	1	2193	3	
2969	3095	1	2193	4	
2970	3095	1	2193	5	
2971	3096	1	2194	1	
2972	3096	1	2194	2	
2973	3096	1	2194	3	
2974	3096	1	2194	4	
2975	3096	1	2194	5	
2976	3097	1	2195	1	
2977	3097	1	2195	2	
2978	3097	1	2195	3	
2979	3097	1	2195	4	
2980	3097	1	2195	5	
2981	3098	1	2196	1	
2982	3098	1	2196	2	
2983	3098	1	2196	3	
2984	3098	1	2196	4	
2985	3098	1	2196	5	
2986	3099	1	2197	1	
2987	3099	1	2197	2	
2988	3099	1	2197	3	
2989	3099	1	2197	4	
2990	3099	1	2197	5	
2991	3100	1	2198	1	
2992	3100	1	2198	2	
2993	3100	1	2198	3	
2994	3100	1	2198	4	
2995	3100	1	2198	5	
2996	3101	1	2199	1	
2997	3101	1	2199	2	
2998	3101	1	2199	3	
2999	3101	1	2199	4	
3000	3101	1	2199	5	
3001	3102	1	2200	1	
3002	3102	1	2200	2	
3003	3102	1	2200	3	
3004	3102	1	2200	4	
3005	3102	1	2200	5	
3006	3103	1	2201	1	
3007	3103	1	2201	2	
3008	3103	1	2201	3	
3009	3103	1	2201	4	
3010	3103	1	2201	5	
3011	3104	1	2202	1	
3012	3104	1	2202	2	
3013	3104	1	2202	3	
3014	3104	1	2202	4	
3015	3104	1	2202	5	
3016	3105	1	2203	1	
3017	3105	1	2203	2	
3018	3105	1	2203	3	
3019	3105	1	2203	4	
3020	3105	1	2203	5	
3021	3106	1	2204	1	
3022	3106	1	2204	2	
3023	3106	1	2204	3	
3024	3106	1	2204	4	
3025	3106	1	2204	5	
3026	3107	1	2205	1	
3027	3107	1	2205	2	
3028	3107	1	2205	3	
3029	3107	1	2205	4	
3030	3107	1	2205	5	
3031	3108	1	2206	1	
3032	3108	1	2206	2	
3033	3108	1	2206	3	
3034	3108	1	2206	4	
3035	3108	1	2206	5	
3036	3109	1	2207	1	
3037	3109	1	2207	2	
3038	3109	1	2207	3	
3039	3109	1	2207	4	
3040	3109	1	2207	5	
3041	3110	1	2208	1	
3042	3110	1	2208	2	
3043	3110	1	2208	3	
3044	3110	1	2208	4	
3045	3110	1	2208	5	
3046	3111	1	2209	1	
3047	3111	1	2209	2	
3048	3111	1	2209	3	
3049	3111	1	2209	4	
3050	3111	1	2209	5	
3051	3112	1	2210	1	
3052	3112	1	2210	2	
3053	3112	1	2210	3	
3054	3112	1	2210	4	
3055	3112	1	2210	5	
3056	3113	1	2211	1	
3057	3113	1	2211	2	
3058	3113	1	2211	3	
3059	3113	1	2211	4	
3060	3113	1	2211	5	
3061	3114	1	2212	1	
3062	3114	1	2212	2	
3063	3114	1	2212	3	
3064	3114	1	2212	4	
3065	3114	1	2212	5	
3066	3115	1	2213	1	
3067	3115	1	2213	2	
3068	3115	1	2213	3	
3069	3115	1	2213	4	
3070	3115	1	2213	5	
3071	3116	1	2214	1	
3072	3116	1	2214	2	
3073	3116	1	2214	3	
3074	3116	1	2214	4	
3075	3116	1	2214	5	
3076	3117	1	2215	1	
3077	3117	1	2215	2	
3078	3117	1	2215	3	
3079	3117	1	2215	4	
3080	3117	1	2215	5	
3081	3118	1	2216	1	
3082	3118	1	2216	2	
3083	3118	1	2216	3	
3084	3118	1	2216	4	
3085	3118	1	2216	5	
3086	3119	1	2217	1	
3087	3119	1	2217	2	
3088	3119	1	2217	3	
3089	3119	1	2217	4	
3090	3119	1	2217	5	
3091	3120	1	2218	1	
3092	3120	1	2218	2	
3093	3120	1	2218	3	
3094	3120	1	2218	4	
3095	3120	1	2218	5	
3096	3121	1	2219	1	
3097	3121	1	2219	2	
3098	3121	1	2219	3	
3099	3121	1	2219	4	
3100	3121	1	2219	5	
3101	3122	1	2220	1	
3102	3122	1	2220	2	
3103	3122	1	2220	3	
3104	3122	1	2220	4	
3105	3122	1	2220	5	
3106	3123	1	2221	1	
3107	3123	1	2221	2	
3108	3123	1	2221	3	
3109	3123	1	2221	4	
3110	3123	1	2221	5	
3111	3124	1	2222	1	
3112	3124	1	2222	2	
3113	3124	1	2222	3	
3114	3124	1	2222	4	
3115	3124	1	2222	5	
3116	3125	1	2223	1	
3117	3125	1	2223	2	
3118	3125	1	2223	3	
3119	3125	1	2223	4	
3120	3125	1	2223	5	
3121	3126	1	2224	1	
3122	3126	1	2224	2	
3123	3126	1	2224	3	
3124	3126	1	2224	4	
3125	3126	1	2224	5	
3126	3127	1	2225	1	
3127	3127	1	2225	2	
3128	3127	1	2225	3	
3129	3127	1	2225	4	
3130	3127	1	2225	5	
3131	3128	1	2226	1	
3132	3128	1	2226	2	
3133	3128	1	2226	3	
3134	3128	1	2226	4	
3135	3128	1	2226	5	
3136	31	1	19	1	
3137	31	1	19	2	
3138	31	1	19	3	
3139	31	1	19	4	
3140	31	1	19	5	
3141	32	1	20	1	
3142	32	1	20	2	
3143	32	1	20	3	
3144	32	1	20	4	
3145	32	1	20	5	
3146	33	1	1016	1	
3147	33	1	1016	2	
3148	33	1	1016	3	
3149	33	1	1016	4	
3150	33	1	1016	5	
3151	34	1	1320	1	
3152	34	1	1320	2	
3153	34	1	1320	3	
3154	34	1	1320	4	
3155	34	1	1320	5	
3156	1358	1	1996	1	
3157	1359	1	1997	1	
3158	1360	1	1995	1	
3159	3129	1	2227	1	
3160	3129	1	2227	2	
3161	3129	1	2227	3	
3162	3129	1	2227	4	
3163	3129	1	2227	5	
3164	3130	1	2228	1	
3165	3130	1	2228	2	
3166	3130	1	2228	3	
3167	3130	1	2228	4	
3168	3130	1	2228	5	
3169	3131	1	2229	1	
3170	3131	1	2229	2	
3171	3131	1	2229	3	
3172	3131	1	2229	4	
3173	3131	1	2229	5	
3174	3132	1	2230	1	
3175	3132	1	2230	2	
3176	3132	1	2230	3	
3177	3132	1	2230	4	
3178	3132	1	2230	5	
3179	3133	1	2231	1	
3180	3133	1	2231	2	
3181	3133	1	2231	3	
3182	3133	1	2231	4	
3183	3133	1	2231	5	
3184	3134	1	2232	1	
3185	3134	1	2232	2	
3186	3134	1	2232	3	
3187	3134	1	2232	4	
3188	3134	1	2232	5	
3189	3135	1	2233	1	
3190	3135	1	2233	2	
3191	3135	1	2233	3	
3192	3135	1	2233	4	
3193	3135	1	2233	5	
3194	3136	1	2234	1	
3195	3136	1	2234	2	
3196	3136	1	2234	3	
3197	3136	1	2234	4	
3198	3136	1	2234	5	
3199	3137	1	2235	1	
3200	3137	1	2235	2	
3201	3137	1	2235	3	
3202	3137	1	2235	4	
3203	3137	1	2235	5	
3204	3138	1	2236	1	
3205	3138	1	2236	2	
3206	3138	1	2236	3	
3207	3138	1	2236	4	
3208	3138	1	2236	5	
3209	3139	1	2237	1	
3210	3139	1	2237	2	
3211	3139	1	2237	3	
3212	3139	1	2237	4	
3213	3139	1	2237	5	
3214	3140	1	2238	1	
3215	3140	1	2238	2	
3216	3140	1	2238	3	
3217	3140	1	2238	4	
3218	3140	1	2238	5	
3219	3141	1	2239	1	
3220	3141	1	2239	2	
3221	3141	1	2239	3	
3222	3141	1	2239	4	
3223	3141	1	2239	5	
3224	3142	1	2240	1	
3225	3142	1	2240	2	
3226	3142	1	2240	3	
3227	3142	1	2240	4	
3228	3142	1	2240	5	
3229	3143	1	2241	1	
3230	3143	1	2241	2	
3231	3143	1	2241	3	
3232	3143	1	2241	4	
3233	3143	1	2241	5	
3234	3144	1	2242	1	
3235	3144	1	2242	2	
3236	3144	1	2242	3	
3237	3144	1	2242	4	
3238	3144	1	2242	5	
3239	2304	1	2243	1	
3240	2304	1	2243	2	
3241	2304	1	2243	3	
3242	2304	1	2243	4	
3243	2304	1	2243	5	
3244	2304	2	2243	1	
3245	2304	2	2243	2	
3246	2304	2	2243	3	
3247	2304	2	2243	4	
3248	2304	2	2243	5	
3249	2304	3	2243	1	
3250	2304	3	2243	2	
3251	2304	3	2243	3	
3252	2304	3	2243	4	
3253	2304	3	2243	5	
3254	2304	4	2243	1	
3255	2304	4	2243	2	
3256	2304	4	2243	3	
3257	2304	4	2243	4	
3258	2304	4	2243	5	
3259	2304	5	2243	1	
3260	2304	5	2243	2	
3261	2304	5	2243	3	
3262	2304	5	2243	4	
3263	2304	5	2243	5	
3264	2305	1	2244	1	
3265	2305	1	2244	2	
3266	2305	1	2244	3	
3267	2305	1	2244	4	
3268	2305	1	2244	5	
3269	2305	2	2244	1	
3270	2305	2	2244	2	
3271	2305	2	2244	3	
3272	2305	2	2244	4	
3273	2305	2	2244	5	
3274	2306	1	1021	1	
3275	2306	1	1021	2	
3276	2306	1	1021	3	
3277	2306	1	1021	4	
3278	2306	1	1021	5	
3279	2306	2	1021	1	
3280	2306	2	1021	2	
3281	2306	2	1021	3	
3282	2306	2	1021	4	
3283	2306	2	1021	5	
3284	2306	3	1021	1	
3285	2306	3	1021	2	
3286	2306	3	1021	3	
3287	2306	3	1021	4	
3288	2306	3	1021	5	
3289	3145	1	2245	1	
3290	3145	1	2245	2	
3291	3145	1	2245	3	
3292	3145	1	2245	4	
3293	3145	1	2245	5	
3294	3146	1	2246	1	
3295	3146	1	2246	2	
3296	3146	1	2246	3	
3297	3146	1	2246	4	
3298	3146	1	2246	5	
3299	3147	1	2247	1	
3300	35	1	21	1	
3301	35	1	21	2	
3302	35	1	21	3	
3303	35	1	21	4	
3304	35	1	21	5	
3305	36	1	22	1	
3306	36	1	22	2	
3307	36	1	22	3	
3308	36	1	22	4	
3309	36	1	22	5	
3310	37	1	23	1	
3311	37	1	23	2	
3312	37	1	23	3	
3313	37	1	23	4	
3314	37	1	23	5	
3315	38	1	1324	1	
3316	38	1	1324	2	
3317	38	1	1324	3	
3318	38	1	1324	4	
3319	38	1	1324	5	
3320	3148	1	2248	1	
3321	3148	1	2248	2	
3322	3148	1	2248	3	
3323	3148	1	2248	4	
3324	3148	1	2248	5	
3325	3149	1	2249	1	
3326	3149	1	2249	2	
3327	3149	1	2249	3	
3328	3149	1	2249	4	
3329	3149	1	2249	5	
3330	3150	1	2250	1	
3331	3150	1	2250	2	
3332	3150	1	2250	3	
3333	3150	1	2250	4	
3334	3150	1	2250	5	
3335	3150	2	2250	1	
3336	3150	2	2250	2	
3337	3150	2	2250	3	
3338	3150	2	2250	4	
3339	3150	2	2250	5	
3340	3150	3	2250	1	
3341	3150	3	2250	2	
3342	3150	3	2250	3	
3343	3150	3	2250	4	
3344	3150	3	2250	5	
3345	3150	4	2250	1	
3346	3150	4	2250	2	
3347	3150	4	2250	3	
3348	3150	4	2250	4	
3349	3150	4	2250	5	
3350	3150	5	2250	1	
3351	3150	5	2250	2	
3352	3150	5	2250	3	
3353	3150	5	2250	4	
3354	3150	5	2250	5	
3355	3150	6	2250	1	
3356	3150	6	2250	2	
3357	3150	6	2250	3	
3358	3150	6	2250	4	
3359	3150	6	2250	5	
3360	3150	7	2250	1	
3361	3150	7	2250	2	
3362	3150	7	2250	3	
3363	3150	7	2250	4	
3364	3150	7	2250	5	
3365	3150	8	2250	1	
3366	3150	8	2250	2	
3367	3150	8	2250	3	
3368	3150	8	2250	4	
3369	3150	8	2250	5	
3370	3150	9	2250	1	
3371	3150	9	2250	2	
3372	3150	9	2250	3	
3373	3150	9	2250	4	
3374	3150	9	2250	5	
3375	3151	1	2251	1	
3376	3151	1	2251	2	
3377	3151	1	2251	3	
3378	3151	1	2251	4	
3379	3151	1	2251	5	
3380	3152	1	2252	1	
3381	3152	1	2252	2	
3382	3152	1	2252	3	
3383	3152	1	2252	4	
3384	3152	1	2252	5	
3385	3153	1	2253	1	
3386	3153	1	2253	2	
3387	3153	1	2253	3	
3388	3153	1	2253	4	
3389	3153	1	2253	5	
3390	3154	1	2254	1	
3391	3155	1	2255	1	
3392	3156	1	2256	1	
3393	3157	1	2257	1	
3394	3157	1	2257	2	
3395	3157	1	2257	3	
3396	3157	1	2257	4	
3397	3157	1	2257	5	
3398	3157	2	2257	1	
3399	3157	2	2257	2	
3400	3157	2	2257	3	
3401	3157	2	2257	4	
3402	3157	2	2257	5	
3403	3158	1	2258	1	
3404	3158	1	2258	2	
3405	3158	1	2258	3	
3406	3158	1	2258	4	
3407	3158	1	2258	5	
3408	3158	2	2258	1	
3409	3158	2	2258	2	
3410	3158	2	2258	3	
3411	3158	2	2258	4	
3412	3158	2	2258	5	
3413	3159	1	2259	1	
3414	3159	1	2259	2	
3415	3159	1	2259	3	
3416	3159	1	2259	4	
3417	3159	1	2259	5	
3418	3159	2	2259	1	
3419	3159	2	2259	2	
3420	3159	2	2259	3	
3421	3159	2	2259	4	
3422	3159	2	2259	5	
3423	3159	3	2259	1	
3424	3159	3	2259	2	
3425	3159	3	2259	3	
3426	3159	3	2259	4	
3427	3159	3	2259	5	
3428	3159	4	2259	1	
3429	3159	4	2259	2	
3430	3159	4	2259	3	
3431	3159	4	2259	4	
3432	3159	4	2259	5	
3433	3159	5	2259	1	
3434	3159	5	2259	2	
3435	3159	5	2259	3	
3436	3159	5	2259	4	
3437	3159	5	2259	5	
3438	3160	1	2260	1	
3439	3160	1	2260	2	
3440	3160	1	2260	3	
3441	3160	1	2260	4	
3442	3160	1	2260	5	
3443	3160	2	2260	1	
3444	3160	2	2260	2	
3445	3160	2	2260	3	
3446	3160	2	2260	4	
3447	3160	2	2260	5	
3448	3160	3	2260	1	
3449	3160	3	2260	2	
3450	3160	3	2260	3	
3451	3160	3	2260	4	
3452	3160	3	2260	5	
3453	3160	4	2260	1	
3454	3160	4	2260	2	
3455	3160	4	2260	3	
3456	3160	4	2260	4	
3457	3160	4	2260	5	
3458	3160	5	2260	1	
3459	3160	5	2260	2	
3460	3160	5	2260	3	
3461	3160	5	2260	4	
3462	3160	5	2260	5	
3463	3161	1	2261	1	
3464	3161	1	2261	2	
3465	3161	1	2261	3	
3466	3161	1	2261	4	
3467	3161	1	2261	5	
3468	3162	1	2262	1	
3469	3162	1	2262	2	
3470	3162	1	2262	3	
3471	3162	1	2262	4	
3472	3162	1	2262	5	
3473	3163	1	2263	1	
3474	3163	1	2263	2	
3475	3163	1	2263	3	
3476	3163	1	2263	4	
3477	3163	1	2263	5	
3478	3164	1	2264	1	
3479	3164	1	2264	2	
3480	3164	1	2264	3	
3481	3164	1	2264	4	
3482	3164	1	2264	5	
3483	3164	2	2264	1	
3484	3164	2	2264	2	
3485	3164	2	2264	3	
3486	3164	2	2264	4	
3487	3164	2	2264	5	
3488	3165	1	2265	1	
3489	3165	1	2265	2	
3490	3165	1	2265	3	
3491	3165	1	2265	4	
3492	3165	1	2265	5	
3493	3166	1	2266	1	
3494	3166	1	2266	2	
3495	3166	1	2266	3	
3496	3166	1	2266	4	
3497	3166	1	2266	5	
3498	3167	1	2267	1	
3499	3167	1	2267	2	
3500	3167	1	2267	3	
3501	3167	1	2267	4	
3502	3167	1	2267	5	
3503	3168	1	2268	1	
3504	3168	1	2268	2	
3505	3168	1	2268	3	
3506	3168	1	2268	4	
3507	3168	1	2268	5	
3508	3169	1	2269	1	
3509	3169	1	2269	2	
3510	3169	1	2269	3	
3511	3169	1	2269	4	
3512	3169	1	2269	5	
3513	3170	1	1001	1	
3514	3170	1	1001	2	
3515	3170	1	1001	3	
3516	3170	1	1001	4	
3517	3170	1	1001	5	
3518	3171	1	1002	1	
3519	3171	1	1002	2	
3520	3171	1	1002	3	
3521	3171	1	1002	4	
3522	3171	1	1002	5	
3523	3172	1	1003	1	
3524	3172	1	1003	2	
3525	3172	1	1003	3	
3526	3172	1	1003	4	
3527	3172	1	1003	5	
3528	3173	1	1004	1	
3529	3173	1	1004	2	
3530	3173	1	1004	3	
3531	3173	1	1004	4	
3532	3173	1	1004	5	
3533	3174	1	1005	1	
3534	3174	1	1005	2	
3535	3174	1	1005	3	
3536	3174	1	1005	4	
3537	3174	1	1005	5	
3538	3175	1	1006	1	
3539	3175	1	1006	2	
3540	3175	1	1006	3	
3541	3175	1	1006	4	
3542	3175	1	1006	5	
3543	3176	1	1007	1	
3544	3176	1	1007	2	
3545	3176	1	1007	3	
3546	3176	1	1007	4	
3547	3176	1	1007	5	
3548	3177	1	1008	1	
3549	3177	1	1008	2	
3550	3177	1	1008	3	
3551	3177	1	1008	4	
3552	3177	1	1008	5	
3553	3178	1	1009	1	
3554	3178	1	1009	2	
3555	3178	1	1009	3	
3556	3178	1	1009	4	
3557	3178	1	1009	5	
3558	3179	1	1010	1	
3559	3179	1	1010	2	
3560	3179	1	1010	3	
3561	3179	1	1010	4	
3562	3179	1	1010	5	
3563	3180	1	1011	1	
3564	3180	1	1011	2	
3565	3180	1	1011	3	
3566	3180	1	1011	4	
3567	3180	1	1011	5	
3568	3181	1	1012	1	
3569	3181	1	1012	2	
3570	3181	1	1012	3	
3571	3181	1	1012	4	
3572	3181	1	1012	5	
3573	3182	1	1013	1	
3574	3182	1	1013	2	
3575	3182	1	1013	3	
3576	3182	1	1013	4	
3577	3182	1	1013	5	
3578	3183	1	1014	1	
3579	3183	1	1014	2	
3580	3183	1	1014	3	
3581	3183	1	1014	4	
3582	3183	1	1014	5	
3583	3184	1	1015	1	
3584	3184	1	1015	2	
3585	3184	1	1015	3	
3586	3184	1	1015	4	
3587	3184	1	1015	5	
3588	3185	1	1016	1	
3589	3185	1	1016	2	
3590	3185	1	1016	3	
3591	3185	1	1016	4	
3592	3185	1	1016	5	
3593	3186	1	1017	1	
3594	3186	1	1017	2	
3595	3186	1	1017	3	
3596	3186	1	1017	4	
3597	3186	1	1017	5	
3598	3187	1	1018	1	
3599	3187	1	1018	2	
3600	3187	1	1018	3	
3601	3187	1	1018	4	
3602	3187	1	1018	5	
